   10.0138969      -2.71503377      0.997955561    
   10.0143518      -4.26621675      0.997996092    
   10.0153618      -5.89152861      0.998095274    
   10.0166759      -7.16866350      0.998233795    
   10.0180826      -8.11295605      0.998373389    
   10.0194216      -8.75176048      0.998510242    
   10.0205793      -9.09861565      0.998620629    
   10.0215073      -9.17947292      0.998728395    
   10.0222015      -9.04901028      0.998800874    
   10.0226936      -8.77816296      0.998834550    
   10.0230207      -8.43304348      0.998866856    
   10.0232210      -8.06287384      0.998897016    
   10.0233250      -7.69906759      0.998894453    
   10.0233583      -7.35892057      0.998898149    
   10.0233393      -7.05043936      0.998900294    
   10.0232773      -6.77625608      0.998900354    
   10.0231800      -6.53601503      0.998871267    
   10.0230503      -6.32795906      0.998869777    
   10.0228910      -6.14977455      0.998853564    
   10.0226974      -5.99911833      0.998835325    
   10.0224724      -5.87373734      0.998802066    
   10.0222054      -5.77163887      0.998780012    
   10.0218954      -5.69114637      0.998746634    
   10.0215368      -5.63079119      0.998709083    
   10.0211172      -5.58943796      0.998671353    
   10.0206337      -5.56610870      0.998626471    
   10.0200710      -5.56005192      0.998561740    
   10.0194149      -5.57064724      0.998502851    
   10.0186539      -5.59744549      0.998422205    
   10.0177641      -5.64000463      0.998346806    
   10.0167313      -5.69790554      0.998219669    
   10.0155249      -5.77062130      0.998117328    
   10.0141211      -5.85746002      0.997979343    
   10.0124893      -5.95737362      0.997812390    
   10.0105982      -6.06868839      0.997626245    
   10.0084229      -6.18889046      0.997409880    
   10.0059452      -6.31406212      0.997174978    
   10.0031672      -6.43840408      0.996879578    
   10.0001183      -6.55340910      0.996578991    
   9.99687290      -6.64711714      0.996269107    
   9.99355984      -6.70356274      0.995935977    
   9.99034309      -6.70332336      0.995611131    
   9.98737621      -6.62599707      0.995322526    
   9.98471355      -6.45556164      0.995055020    
   9.98225594      -6.18732119      0.994803131    
   9.97981834      -5.83278084      0.994564295    
   9.97733974      -5.41978502      0.994319141    
   9.97499561      -4.99134493      0.994080424    
   9.97309589      -4.61037064      0.993892729    
   9.97191525      -4.38456964      0.993774176    
   10.0130959      -2.57324290      0.984203219    
   10.0135565      -4.63143587      0.984246910    
   10.0144835      -6.11691618      0.984333992    
   10.0157080      -7.31218719      0.984459758    
   10.0170326      -8.19624424      0.984593034    
   10.0182953      -8.78311253      0.984708190    
   10.0193844      -9.08043289      0.984821618    
   10.0202532      -9.11533165      0.984893978    
   10.0208988      -8.94659805      0.984967828    
   10.0213518      -8.64786911      0.985010803    
   10.0216484      -8.28482914      0.985050857    
   10.0218267      -7.90478563      0.985055983    
   10.0219164      -7.53672647      0.985069931    
   10.0219393      -7.19590569      0.985070467    
   10.0219126      -6.88889503      0.985075653    
   10.0218487      -6.61727667      0.985055685    
   10.0217505      -6.38007402      0.985048890    
   10.0216236      -6.17513561      0.985032141    
   10.0214672      -5.99995899      0.985031724    
   10.0212812      -5.85202312      0.985024512    
   10.0210629      -5.72903872      0.984995306    
   10.0208082      -5.62896681      0.984963536    
   10.0205116      -5.55009079      0.984923959    
   10.0201674      -5.49099684      0.984882951    
   10.0197678      -5.45050955      0.984865367    
   10.0193033      -5.42768621      0.984815776    
   10.0187635      -5.42175388      0.984759152    
   10.0181360      -5.43217707      0.984701097    
   10.0174046      -5.45848513      0.984633803    
   10.0165529      -5.50024605      0.984544575    
   10.0155582      -5.55710745      0.984445274    
   10.0143967      -5.62858105      0.984333932    
   10.0130424      -5.71407366      0.984196007    
   10.0114641      -5.81263161      0.984037757    
   10.0096331      -5.92275286      0.983865798    
   10.0075245      -6.04211855      0.983646691    
   10.0051174      -6.16716957      0.983421326    
   10.0024109      -6.29248810      0.983151078    
   9.99943447      -6.41013908      0.982852459    
   9.99626350      -6.50873280      0.982546985    
   9.99302483      -6.57292795      0.982235312    
   9.98989391      -6.58364725      0.981920600    
   9.98703957      -6.52022552      0.981645048    
   9.98454094      -6.36563396      0.981394231    
   9.98231220      -6.11347342      0.981176734    
   9.98015499      -5.77382326      0.980966032    
   9.97797012      -5.37377644      0.980751574    
   9.97590256      -4.95614910      0.980548203    
   9.97426033      -4.58499575      0.980388463    
   9.97335148      -4.23958921      0.980299234    
   10.0158310     -0.687807143      0.957256198    
   10.0164099      -5.26492357      0.957317948    
   10.0173578      -6.58102131      0.957409561    
   10.0185070      -7.59565687      0.957522571    
   10.0197372      -8.35237980      0.957644939    
   10.0208998      -8.83484840      0.957748353    
   10.0218925      -9.03643799      0.957846224    
   10.0226698      -8.98583889      0.957921326    
   10.0232401      -8.74885082      0.957960427    
   10.0236282      -8.40213966      0.958015919    
   10.0238752      -8.00959492      0.958034515    
   10.0240164      -7.61418486      0.958036423    
   10.0240746      -7.24032545      0.958053946    
   10.0240765      -6.89965725      0.958063424    
   10.0240335      -6.59621859      0.958042979    
   10.0239573      -6.32985544      0.958037257    
   10.0238514      -6.09858847      0.958030760    
   10.0237198      -5.89960957      0.958023012    
   10.0235615      -5.73003817      0.958007872    
   10.0233774      -5.58716726      0.957983017    
   10.0231619      -5.46857882      0.957956493    
   10.0229101      -5.37219715      0.957943618    
   10.0226221      -5.29633093      0.957899928    
   10.0222855      -5.23951435      0.957888961    
   10.0218973      -5.20060730      0.957841218    
   10.0214453      -5.17868757      0.957803369    
   10.0209198      -5.17304087      0.957750261    
   10.0203104      -5.18311405      0.957692027    
   10.0195980      -5.20847654      0.957626462    
   10.0187683      -5.24876690      0.957545400    
   10.0177965      -5.30368471      0.957454085    
   10.0166597      -5.37286186      0.957345903    
   10.0153322      -5.45579243      0.957219124    
   10.0137825      -5.55173111      0.957064092    
   10.0119772      -5.65943718      0.956896544    
   10.0098906      -5.77698374      0.956707001    
   10.0074997      -5.90133953      0.956471264    
   10.0047998      -6.02784204      0.956207991    
   10.0018139      -6.14947033      0.955927312    
   9.99861240      -6.25599384      0.955621302    
   9.99532223      -6.33326006      0.955304027    
   9.99212646      -6.36297083      0.954998195    
   9.98922157      -6.32442856      0.954721868    
   9.98672962      -6.19902563      0.954482794    
   9.98459911      -5.97770977      0.954281449    
   9.98262310      -5.66808748      0.954088628    
   9.98063946      -5.29640770      0.953901649    
   9.97874832      -4.90578461      0.953721762    
   9.97725868      -4.54802895      0.953578889    
   9.97652531      -3.78913045      0.953508317    
   10.0202341       2.40585184      0.917224526    
   10.0208836      -5.64746094      0.917283773    
   10.0220137      -7.20767117      0.917387426    
   10.0231647      -8.02943707      0.917491257    
   10.0243044      -8.59693432      0.917598426    
   10.0253477      -8.91238117      0.917693019    
   10.0262165      -8.96121311      0.917771637    
   10.0268803      -8.77982903      0.917826712    
   10.0273495      -8.44367123      0.917871952    
   10.0276585      -8.03088093      0.917899728    
   10.0278416      -7.59992456      0.917912602    
   10.0279312      -7.18611145      0.917921662    
   10.0279512      -6.80691528      0.917941153    
   10.0279245      -6.46871901      0.917921066    
   10.0278606      -6.17195034      0.917921126    
   10.0277691      -5.91423750      0.917919993    
   10.0276527      -5.69221687      0.917918384    
   10.0275164      -5.50227451      0.917897999    
   10.0273561      -5.34107590      0.917876899    
   10.0271702      -5.20568752      0.917869031    
   10.0269566      -5.09356308      0.917837441    
   10.0267124      -5.00259733      0.917813540    
   10.0264292      -4.93109179      0.917804062    
   10.0261030      -4.87757206      0.917770922    
   10.0257273      -4.84097767      0.917724133    
   10.0252886      -4.82037830      0.917690217    
   10.0247803      -4.81512833      0.917639136    
   10.0241871      -4.82468987      0.917595088    
   10.0234966      -4.84869862      0.917519987    
   10.0226889      -4.88686371      0.917455196    
   10.0217428      -4.93894768      0.917365730    
   10.0206337      -5.00472784      0.917266309    
   10.0193329      -5.08383369      0.917144001    
   10.0178099      -5.17578697      0.917011559    
   10.0160303      -5.27972555      0.916837513    
   10.0139618      -5.39422560      0.916645944    
   10.0115795      -5.51698303      0.916435480    
   10.0088701      -5.64436436      0.916191876    
   10.0058517      -5.77070475      0.915909827    
   10.0025826      -5.88750553      0.915613949    
   9.99918652      -5.98242950      0.915300727    
   9.99585152      -6.03877974      0.914999366    
   9.99280262      -6.03628969      0.914715886    
   9.99021912      -5.95470572      0.914482653    
   9.98811913      -5.78104687      0.914286673    
   9.98630524      -5.51798391      0.914118648    
   9.98454094      -5.18754387      0.913961232    
   9.98284531      -4.82414484      0.913806260    
   9.98151302      -4.42452574      0.913685322    
   9.98088264      -3.06989074      0.913626730    
   10.0256243       6.00446558      0.864434242    
   10.0262480      -5.50675011      0.864497662    
   10.0275335      -7.72659397      0.864603043    
   10.0288029      -8.49213505      0.864710331    
   10.0299015      -8.86632538      0.864804506    
   10.0308313      -8.96998119      0.864890933    
   10.0315676      -8.81610966      0.864950120    
   10.0321035      -8.46617317      0.864998698    
   10.0324621      -8.00868797      0.865022182    
   10.0326824      -7.51970673      0.865042746    
   10.0327950      -7.04783916      0.865058422    
   10.0328312      -6.61721611      0.865066767    
   10.0328121      -6.23615599      0.865057051    
   10.0327568      -5.90461493      0.865057290    
   10.0326729      -5.61880970      0.865049720    
   10.0325661      -5.37380314      0.865027249    
   10.0324411      -5.16469479      0.865026116    
   10.0322981      -4.98704100      0.865021944    
   10.0321360      -4.83703709      0.865001142    
   10.0319529      -4.71152020      0.864979386    
   10.0317430      -4.60788250      0.864968657    
   10.0315056      -4.52398062      0.864940226    
   10.0312319      -4.45812511      0.864920259    
   10.0309181      -4.40892076      0.864888787    
   10.0305548      -4.37531233      0.864869535    
   10.0301342      -4.35647202      0.864831448    
   10.0296459      -4.35174608      0.864788711    
   10.0290766      -4.36069298      0.864736497    
   10.0284109      -4.38299704      0.864682734    
   10.0276308      -4.41843605      0.864613771    
   10.0267153      -4.46687794      0.864530444    
   10.0256386      -4.52819300      0.864437997    
   10.0243731      -4.60226345      0.864332557    
   10.0228844      -4.68885183      0.864202619    
   10.0211363      -4.78749371      0.864058614    
   10.0190935      -4.89739847      0.863873243    
   10.0167255      -5.01711655      0.863680124    
   10.0140123      -5.14423704      0.863436818    
   10.0109577      -5.27474546      0.863182425    
   10.0076103      -5.40226841      0.862890244    
   10.0040808      -5.51693964      0.862587571    
   10.0005569      -5.60436392      0.862277031    
   9.99728107      -5.64541769      0.861995637    
   9.99450016      -5.61820459      0.861753106    
   9.99232674      -5.50411367      0.861570120    
   9.99063110      -5.29683495      0.861425996    
   9.98911667      -5.00785446      0.861291349    
   9.98765659      -4.65130711      0.861169100    
   9.98648548      -4.15505648      0.861066401    
   9.98596287      -2.15764260      0.861022770    
   10.0314140       9.64745235      0.799401224    
   10.0319633      -4.94344473      0.799450755    
   10.0332527      -7.95266914      0.799546838    
   10.0346594      -8.81894398      0.799658537    
   10.0357904      -9.03134155      0.799759626    
   10.0366440      -8.89645386      0.799818099    
   10.0372601      -8.50994492      0.799860716    
   10.0376759      -7.97695112      0.799898565    
   10.0379314      -7.39734077      0.799931049    
   10.0380669      -6.83889866      0.799937308    
   10.0381155      -6.33554459      0.799937367    
   10.0381041      -5.89773417      0.799932897    
   10.0380507      -5.52357912      0.799928427    
   10.0379677      -5.20618677      0.799932063    
   10.0378666      -4.93765783      0.799911559    
   10.0377493      -4.71057940      0.799917281    
   10.0376186      -4.51872110      0.799893200    
   10.0374737      -4.35691929      0.799884498    
   10.0373125      -4.22105789      0.799877167    
   10.0371332      -4.10785580      0.799859703    
   10.0369320      -4.01466084      0.799840450    
   10.0367031      -3.93940568      0.799831450    
   10.0364428      -3.88047552      0.799807668    
   10.0361433      -3.83651996      0.799780965    
   10.0358000      -3.80659437      0.799761176    
   10.0354023      -3.78990865      0.799715102    
   10.0349379      -3.78590369      0.799672723    
   10.0343962      -3.79417968      0.799636781    
   10.0337620      -3.81448817      0.799585760    
   10.0330181      -3.84667683      0.799523175    
   10.0321398      -3.89069200      0.799460769    
   10.0311050      -3.94655442      0.799372494    
   10.0298824      -4.01428270      0.799285054    
   10.0284386      -4.09390926      0.799160779    
   10.0267353      -4.18537903      0.799028218    
   10.0247326      -4.28844643      0.798863053    
   10.0223923      -4.40253162      0.798678577    
   10.0196867      -4.52645206      0.798469007    
   10.0166092      -4.65791035      0.798224568    
   10.0131903      -4.79283047      0.797943592    
   10.0095243      -4.92418432      0.797654271    
   10.0057812      -5.04048967      0.797357202    
   10.0022173      -5.12466383      0.797082424    
   9.99912357      -5.15412712      0.796837330    
   9.99672890      -5.10469723      0.796641946    
   9.99503708      -4.95826292      0.796504676    
   9.99376011      -4.70885754      0.796401978    
   9.99258804      -4.34322453      0.796315074    
   9.99161434      -3.73497605      0.796230614    
   9.99122238      -1.11449182      0.796201468    
   10.0369444       12.9566183      0.722751141    
   10.0374050      -4.10243273      0.722795546    
   10.0385885      -7.83922243      0.722868562    
   10.0400410      -8.88392639      0.722968817    
   10.0412350      -8.95938492      0.723066628    
   10.0420656      -8.56867313      0.723121285    
   10.0426025      -7.94239283      0.723167002    
   10.0429277      -7.23767567      0.723191738    
   10.0431042      -6.55687571      0.723203838    
   10.0431747      -5.95172596      0.723206043    
   10.0431757      -5.43745995      0.723204494    
   10.0431280      -5.00960875      0.723203242    
   10.0430489      -4.65602493      0.723208904    
   10.0429497      -4.36359358      0.723186195    
   10.0428381      -4.12078667      0.723188937    
   10.0427151      -3.91830897      0.723166585    
   10.0425825      -3.74898100      0.723172545    
   10.0424404      -3.60727715      0.723151386    
   10.0422840      -3.48895240      0.723151088    
   10.0421133      -3.39077878      0.723137021    
   10.0419226      -3.31024337      0.723129272    
   10.0417089      -3.24539542      0.723107100    
   10.0414658      -3.19473720      0.723085403    
   10.0411863      -3.15708423      0.723066211    
   10.0408649      -3.13155675      0.723045707    
   10.0404930      -3.11748600      0.723012328    
   10.0400591      -3.11437726      0.722989500    
   10.0395517      -3.12191534      0.722952902    
   10.0389557      -3.13988328      0.722909987    
   10.0382538      -3.16821980      0.722859085    
   10.0374241      -3.20694566      0.722788990    
   10.0364408      -3.25615954      0.722718239    
   10.0352726      -3.31601691      0.722643673    
   10.0338869      -3.38677931      0.722542644    
   10.0322428      -3.46867418      0.722419381    
   10.0302944      -3.56194878      0.722281218    
   10.0280018      -3.66676593      0.722112536    
   10.0253248      -3.78301978      0.721924424    
   10.0222454      -3.91010046      0.721706688    
   10.0187759      -4.04615021      0.721451044    
   10.0149860      -4.18719244      0.721178412    
   10.0110283      -4.32524109      0.720898628    
   10.0071449      -4.44641733      0.720616579    
   10.0036526      -4.52928686      0.720360994    
   10.0008707      -4.54569006      0.720163524    
   9.99897480      -4.46492004      0.720023572    
   9.99782467      -4.25742245      0.719943881    
   9.99698925      -3.88092113      0.719883680    
   9.99628162      -3.17358851      0.719832063    
   9.99601555      -4.19847574E-03  0.719816566    
   10.0415487       15.5124435      0.635305285    
   10.0419159      -3.15672183      0.635323167    
   10.0429335      -7.41645718      0.635393143    
   10.0443134      -8.59114742      0.635467112    
   10.0455389      -8.51543522      0.635544538    
   10.0463848      -7.87490559      0.635616362    
   10.0468998      -7.03656769      0.635646999    
   10.0471849      -6.19761610      0.635667682    
   10.0473185      -5.45295429      0.635663867    
   10.0473566      -4.83337450      0.635669708    
   10.0473318      -4.33425951      0.635660291    
   10.0472641      -3.93668270      0.635668516    
   10.0471754      -3.61939979      0.635648370    
   10.0470705      -3.36411905      0.635645449    
   10.0469561      -3.15661764      0.635635138    
   10.0468349      -2.98641467      0.635642171    
   10.0467081      -2.84582162      0.635624170    
   10.0465727      -2.72926760      0.635614574    
   10.0464287      -2.63266230      0.635613859    
   10.0462694      -2.55296803      0.635594308    
   10.0460949      -2.48789167      0.635585427    
   10.0458984      -2.43570042      0.635582745    
   10.0456762      -2.39509034      0.635563731    
   10.0454216      -2.36503029      0.635554910    
   10.0451279      -2.34481168      0.635523319    
   10.0447865      -2.33383870      0.635513127    
   10.0443888      -2.33174133      0.635481238    
   10.0439205      -2.33827114      0.635470748    
   10.0433712      -2.35331511      0.635414600    
   10.0427189      -2.37683439      0.635377884    
   10.0419455      -2.40894485      0.635328412    
   10.0410233      -2.44984102      0.635276794    
   10.0399246      -2.49979806      0.635185122    
   10.0386105      -2.55924225      0.635102987    
   10.0370398      -2.62871051      0.635005116    
   10.0351667      -2.70885634      0.634894192    
   10.0329409      -2.80048609      0.634750068    
   10.0303173      -2.90448833      0.634595394    
   10.0272636      -3.02173924      0.634397745    
   10.0237741      -3.15255713      0.634171486    
   10.0198936      -3.29589105      0.633935511    
   10.0157461      -3.44750428      0.633661807    
   10.0115499      -3.59732032      0.633401632    
   10.0076227      -3.72639704      0.633153439    
   10.0043297      -3.80486512      0.632944286    
   10.0019894      -3.79159164      0.632797897    
   10.0007038      -3.63451242      0.632714272    
   10.0001431      -3.26487088      0.632681131    
   9.99977970      -2.49549079      0.632659197    
   9.99965572       1.08027279      0.632649899    
   10.0445747       16.8945656      0.537964225    
   10.0448523      -2.24487567      0.537956119    
   10.0456734      -6.70147753      0.538001657    
   10.0468884      -7.83688545      0.538080812    
   10.0480728      -7.57640219      0.538141906    
   10.0489483      -6.73107243      0.538187504    
   10.0494928      -5.74363327      0.538213253    
   10.0497913      -4.82907343      0.538228631    
   10.0499306      -4.06931210      0.538242877    
   10.0499687      -3.47403693      0.538236618    
   10.0499420      -3.02020478      0.538251698    
   10.0498762      -2.67622900      0.538245082    
   10.0497894      -2.41350222      0.538235605    
   10.0496883      -2.20988297      0.538228631    
   10.0495806      -2.04943609      0.538236201    
   10.0494690      -1.92107499      0.538219690    
   10.0493526      -1.81716168      0.538219035    
   10.0492306      -1.73237514      0.538197041    
   10.0491009      -1.66295707      0.538204908    
   10.0489607      -1.60625517      0.538185716    
   10.0488043      -1.56030691      0.538193941    
   10.0486307      -1.52369738      0.538183689    
   10.0484343      -1.49537063      0.538154721    
   10.0482082      -1.47452497      0.538160443    
   10.0479469      -1.46060205      0.538153827    
   10.0476427      -1.45318854      0.538117647    
   10.0472860      -1.45199609      0.538104296    
   10.0468664      -1.45689535      0.538077712    
   10.0463686      -1.46781957      0.538044393    
   10.0457754      -1.48483491      0.538023174    
   10.0450668      -1.50810242      0.537976861    
   10.0442181      -1.53789556      0.537942350    
   10.0431986      -1.57463396      0.537886143    
   10.0419712      -1.61889243      0.537820876    
   10.0404911      -1.67148364      0.537745893    
   10.0387125      -1.73348308      0.537645578    
   10.0365791      -1.80633414      0.537521899    
   10.0340357      -1.89191890      0.537391782    
   10.0310402      -1.99256670      0.537229419    
   10.0275660      -2.11073542      0.537049651    
   10.0236340      -2.24835658      0.536833763    
   10.0193386      -2.40491462      0.536607146    
   10.0148697      -2.57440376      0.536361933    
   10.0105238      -2.74088240      0.536134183    
   10.0066776      -2.87411475      0.535934806    
   10.0037270      -2.92633510      0.535771608    
   10.0019674      -2.83138323      0.535677433    
   10.0013609      -2.50175548      0.535644710    
   10.0013199      -1.72755301      0.535640478    
   10.0013685       2.03404832      0.535641491    
   10.0453892       16.6441345      0.431821138    
   10.0455809      -1.47963321      0.431818604    
   10.0461979      -5.64228964      0.431849301    
   10.0471964      -6.51992798      0.431888163    
   10.0482779      -6.07065344      0.431928068    
   10.0491686      -5.10221386      0.431979805    
   10.0497742      -4.05718803      0.431999296    
   10.0501328      -3.14568162      0.432020992    
   10.0503159      -2.43342018      0.432018459    
   10.0503817      -1.91045892      0.432028085    
   10.0503750      -1.53814340      0.432030886    
   10.0503244      -1.27507675      0.432015747    
   10.0502501      -1.08761013      0.432025433    
   10.0501623     -0.951561332      0.432022929    
   10.0500689     -0.850572348      0.432022572    
   10.0499706     -0.773907542      0.432012141    
   10.0498705     -0.714524269      0.432004660    
   10.0497656     -0.667799592      0.432017058    
   10.0496550     -0.630654871      0.432000309    
   10.0495348     -0.601022363      0.431994885    
   10.0494032     -0.577450871      0.431985468    
   10.0492563     -0.558933258      0.431984276    
   10.0490885     -0.544760227      0.431976110    
   10.0488968     -0.534418881      0.431960016    
   10.0486727     -0.527558982      0.431949019    
   10.0484104     -0.523945749      0.431946158    
   10.0481014     -0.523425341      0.431938440    
   10.0477343     -0.525950015      0.431925744    
   10.0472975     -0.531529546      0.431889743    
   10.0467720     -0.540263534      0.431876272    
   10.0461407     -0.552352607      0.431849360    
   10.0453768     -0.568119109      0.431805372    
   10.0444508     -0.588014066      0.431770533    
   10.0433254     -0.612733662      0.431741297    
   10.0419569     -0.643246174      0.431663305    
   10.0402946     -0.680943847      0.431600362    
   10.0382776     -0.727782726      0.431518704    
   10.0358477     -0.786481738      0.431411386    
   10.0329437     -0.860683084      0.431288093    
   10.0295248     -0.954884350      0.431133538    
   10.0255880      -1.07396030      0.430964828    
   10.0211954      -1.22132587      0.430779666    
   10.0165071      -1.39556682      0.430573493    
   10.0117922      -1.58486485      0.430368483    
   10.0074215      -1.76076877      0.430181265    
   10.0038109      -1.87366784      0.430032611    
   10.0013428      -1.85274088      0.429918498    
   10.0002031      -1.60369122      0.429874122    
   10.0001402     -0.903629184      0.429871500    
   10.0003672       2.73034763      0.429881692    
   10.0433483       14.3169918      0.318081439    
   10.0434675     -0.867249608      0.318076015    
   10.0438948      -4.13646317      0.318083942    
   10.0446701      -4.63777256      0.318121612    
   10.0456200      -4.05958700      0.318139970    
   10.0465031      -3.07797885      0.318182528    
   10.0471725      -2.08164001      0.318188667    
   10.0476046      -1.25883770      0.318222523    
   10.0478468     -0.657761872      0.318225026    
   10.0479546     -0.252483279      0.318225145    
   10.0479784       6.86083781E-03  0.318227828    
   10.0479507      0.167418599      0.318216026    
   10.0478945      0.264767468      0.318231702    
   10.0478239      0.322893471      0.318229496    
   10.0477476      0.357093424      0.318214297    
   10.0476675      0.376813293      0.318226278    
   10.0475864      0.387811959      0.318217158    
   10.0475016      0.393609673      0.318213940    
   10.0474138      0.396337062      0.318197191    
   10.0473175      0.397297233      0.318204641    
   10.0472136      0.397306353      0.318203568    
   10.0470963      0.396858275      0.318197608    
   10.0469627      0.396263152      0.318195879    
   10.0468073      0.395712554      0.318190396    
   10.0466261      0.395312250      0.318181038    
   10.0464125      0.395117402      0.318171382    
   10.0461569      0.395136148      0.318178535    
   10.0458517      0.395349890      0.318163157    
   10.0454836      0.395681500      0.318152547    
   10.0450363      0.396012545      0.318137646    
   10.0444918      0.396150082      0.318111897    
   10.0438271      0.395795941      0.318098783    
   10.0430117      0.394505799      0.318070412    
   10.0420084      0.391591787      0.318032265    
   10.0407734      0.386045277      0.318004727    
   10.0392532      0.376344293      0.317948818    
   10.0373859      0.360255748      0.317886293    
   10.0351028      0.334533751      0.317817330    
   10.0323343      0.294607759      0.317728937    
   10.0290194      0.234411910      0.317632377    
   10.0251331      0.146650776      0.317502797    
   10.0207043       2.43127104E-02  0.317371607    
   10.0158625     -0.135750294      0.317209363    
   10.0108490     -0.326565892      0.317049861    
   10.0060158     -0.523708165      0.316896796    
   10.0017662     -0.680829704      0.316763461    
   9.99848938     -0.732255757      0.316662550    
   9.99645710     -0.592662632      0.316596031    
   9.99571800      -5.98871075E-02  0.316567540    
   9.99586678       3.03096867      0.316580713    
   10.0377245       9.65453815      0.198062599    
   10.0377893     -0.330254406      0.198076963    
   10.0380659      -2.32511401      0.198088527    
   10.0386467      -2.42912221      0.198107779    
   10.0394497      -1.77692807      0.198104084    
   10.0402813     -0.859185815      0.198140383    
   10.0409708       1.27445906E-02  0.198142767    
   10.0414515      0.684884906      0.198168635    
   10.0417385       1.12983310      0.198140383    
   10.0418825       1.38761461      0.198163390    
   10.0419321       1.51553500      0.198157549    
   10.0419254       1.56284451      0.198175550    
   10.0418882       1.56417060      0.198173940    
   10.0418367       1.54142332      0.198174357    
   10.0417786       1.50761521      0.198163867    
   10.0417175       1.47014308      0.198178649    
   10.0416574       1.43305385      0.198163927    
   10.0415945       1.39847589      0.198166072    
   10.0415306       1.36745059      0.198165119    
   10.0414629       1.34040964      0.198157132    
   10.0413885       1.31748307      0.198154807    
   10.0413055       1.29863238      0.198168814    
   10.0412092       1.28373826      0.198159516    
   10.0410976       1.27266645      0.198151827    
   10.0409651       1.26527381      0.198154867    
   10.0408058       1.26143706      0.198136806    
   10.0406132       1.26103568      0.198136866    
   10.0403776       1.26396167      0.198136091    
   10.0400887       1.27011490      0.198136866    
   10.0397329       1.27936649      0.198133528    
   10.0392923       1.29154527      0.198117137    
   10.0387440       1.30641115      0.198113203    
   10.0380592       1.32357776      0.198097408    
   10.0372038       1.34243739      0.198076129    
   10.0361319       1.36202908      0.198053300    
   10.0347900       1.38085401      0.198028088    
   10.0331144       1.39660347      0.198000431    
   10.0310287       1.40577936      0.197957039    
   10.0284538       1.40327990      0.197904646    
   10.0253134       1.38195753      0.197845876    
   10.0215549       1.33260870      0.197771311    
   10.0171795       1.24511528      0.197685301    
   10.0122795       1.11184824      0.197591007    
   10.0070705      0.934304833      0.197486103    
   10.0018787      0.731236279      0.197384834    
   9.99707603      0.542902112      0.197289586    
   9.99298859      0.425986290      0.197209358    
   9.98985004      0.448137403      0.197146714    
   9.98783398      0.751791775      0.197107375    
   9.98705864       2.81202245      0.197089672    
   10.0260172       3.19814873       7.32660294E-02
   10.0260477      -6.15340993E-02   7.32663870E-02
   10.0262089     -0.533720315       7.32647777E-02
   10.0265989     -0.179692596       7.32660294E-02
   10.0272036      0.553455830       7.32716322E-02
   10.0278931       1.38218510       7.32765794E-02
   10.0285130       2.08981538       7.32822418E-02
   10.0289745       2.57294416       7.33062625E-02
   10.0292673       2.83352494       7.32947588E-02
   10.0294247       2.92677689       7.32998252E-02
   10.0294895       2.91495681       7.32892156E-02
   10.0295000       2.84632850       7.33024478E-02
   10.0294800       2.75219178       7.32827783E-02
   10.0294476       2.65079570       7.32982159E-02
   10.0294094       2.55191588       7.32744336E-02
   10.0293713       2.46037173       7.33064413E-02
   10.0293341       2.37822318       7.32880831E-02
   10.0292988       2.30606508       7.32840300E-02
   10.0292645       2.24377108       7.32902288E-02
   10.0292301       2.19088340       7.32977986E-02
   10.0291920       2.14684391       7.32935071E-02
   10.0291510       2.11107826       7.32972622E-02
   10.0291023       2.08306193       7.32949376E-02
   10.0290432       2.06234097       7.32958913E-02
   10.0289717       2.04854894       7.32871294E-02
   10.0288811       2.04137635       7.33003020E-02
   10.0287676       2.04059434       7.32920170E-02
   10.0286226       2.04602361       7.33028650E-02
   10.0284367       2.05753088       7.32746124E-02
   10.0281992       2.07499552       7.32862949E-02
   10.0278931       2.09829092       7.32703209E-02
   10.0274982       2.12724614       7.32731223E-02
   10.0269899       2.16156483       7.32948780E-02
   10.0263338       2.20076823       7.32731223E-02
   10.0254889       2.24401355       7.32630491E-02
   10.0244017       2.28992820       7.32509494E-02
   10.0230074       2.33630252       7.32395649E-02
   10.0212278       2.37964559       7.32149482E-02
   10.0189762       2.41464686       7.32145905E-02
   10.0161629       2.43355799       7.32079148E-02
   10.0127134       2.42579007       7.31677413E-02
   10.0085993       2.37851095       7.31439590E-02
   10.0038815       2.27951455       7.31049180E-02
   9.99874687       2.12365174       7.30704665E-02
   9.99350548       1.92155695       7.30370879E-02
   9.98850060       1.70443332       7.29984045E-02
   9.98398018       1.51774764       7.29552507E-02
   9.98002625       1.40825176       7.29379058E-02
   9.97660446       1.43685043       7.29122758E-02
   9.97424412       2.09600472       7.28870630E-02
   10.0118999      -2.82325864      -2.41457224E-02
   10.0119152       7.34091103E-02  -2.41349339E-02
   10.0120020       1.08849943      -2.41362453E-02
   10.0122328       1.95542610      -2.41588950E-02
   10.0126266       2.81216455      -2.41618752E-02
   10.0131159       3.56048131      -2.41561532E-02
   10.0135908       4.08812284      -2.41600275E-02
   10.0139666       4.36032391      -2.41441131E-02
   10.0142155       4.41988039      -2.41515636E-02
   10.0143538       4.34001493      -2.41488814E-02
   10.0144138       4.18625736      -2.41548419E-02
   10.0144272       4.00335598      -2.41357088E-02
   10.0144167       3.81737161      -2.41496563E-02
   10.0143967       3.64165211      -2.41591930E-02
   10.0143747       3.48212481      -2.41550207E-02
   10.0143557       3.34069443      -2.41488218E-02
   10.0143414       3.21727014      -2.41504908E-02
   10.0143309       3.11087227      -2.41517425E-02
   10.0143251       3.02020645      -2.41599083E-02
   10.0143223       2.94393206      -2.41490006E-02
   10.0143223       2.88082886      -2.41581202E-02
   10.0143223       2.82981491      -2.41383314E-02
   10.0143204       2.78998685      -2.41529346E-02
   10.0143166       2.76058888      -2.41602659E-02
   10.0143061       2.74104762      -2.41397023E-02
   10.0142870       2.73088861      -2.41636634E-02
   10.0142546       2.72978377      -2.41456628E-02
   10.0142021       2.73749185      -2.41667032E-02
   10.0141239       2.75385356      -2.41550207E-02
   10.0140085       2.77876854      -2.41412520E-02
   10.0138445       2.81215882      -2.41484046E-02
   10.0136127       2.85391903      -2.41432190E-02
   10.0132914       2.90389180      -2.41339803E-02
   10.0128498       2.96172333      -2.41544843E-02
   10.0122499       3.02676320      -2.41526365E-02
   10.0114412       3.09784770      -2.41217017E-02
   10.0103588       3.17297697      -2.41311789E-02
   10.0089254       3.24886990      -2.41440535E-02
   10.0070477       3.32032681      -2.41280794E-02
   10.0046244       3.37940097      -2.41432786E-02
   10.0015583       3.41463304      -2.41186023E-02
   9.99779224       3.41091800      -2.40979195E-02
   9.99334717       3.35143971      -2.40962505E-02
   9.98838234       3.22324324      -2.40908861E-02
   9.98319817       3.02640700      -2.40728855E-02
   9.97815514       2.78060508      -2.40592957E-02
   9.97352219       2.51999545      -2.40561366E-02
   9.96938515       2.27431774      -2.40349174E-02
   9.96565247       2.03331709      -2.40314603E-02
   9.96284008       1.36771798      -2.40256190E-02
   10.0019569      -7.51951361      -8.20908546E-02
   10.0019684      0.252215773      -8.20823908E-02
   10.0020275       2.60832262      -8.20873976E-02
   10.0021763       4.02430630      -8.20853114E-02
   10.0024328       5.04844761      -8.20965171E-02
   10.0027618       5.72919035      -8.21048617E-02
   10.0030937       6.06487036      -8.20887685E-02
   10.0033646       6.10721779      -8.21039677E-02
   10.0035448       5.95125580      -8.20946693E-02
   10.0036411       5.69064045      -8.20999146E-02
   10.0036783       5.39245081      -8.21061134E-02
   10.0036802       5.09570551      -8.21142197E-02
   10.0036659       4.81964302      -8.20996761E-02
   10.0036488       4.57189608      -8.21282268E-02
   10.0036335       4.35406876      -8.21016431E-02
   10.0036259       4.16494465      -8.21005106E-02
   10.0036249       4.00223589      -8.21127295E-02
   10.0036306       3.86333990      -8.21075439E-02
   10.0036449       3.74578905      -8.20950270E-02
   10.0036650       3.64738894      -8.20927024E-02
   10.0036907       3.56626153      -8.21032524E-02
   10.0037212       3.50085068      -8.21073055E-02
   10.0037556       3.44987750      -8.21062326E-02
   10.0037909       3.41230702      -8.20990801E-02
   10.0038271       3.38735771      -8.21036696E-02
   10.0038614       3.37441540      -8.20935965E-02
   10.0038910       3.37304735      -8.21167231E-02
   10.0039101       3.38295650      -8.21148753E-02
   10.0039129       3.40396690      -8.21104646E-02
   10.0038919       3.43599415      -8.21110606E-02
   10.0038357       3.47901392      -8.21111202E-02
   10.0037289       3.53302050      -8.21062326E-02
   10.0035515       3.59795141      -8.21084380E-02
   10.0032749       3.67364860      -8.20968151E-02
   10.0028639       3.75964952      -8.21016431E-02
   10.0022688       3.85505295      -8.20856690E-02
   10.0014257       3.95816302      -8.20901990E-02
   10.0002546       4.06604338      -8.20789933E-02
   9.99865532       4.17380905      -8.20578933E-02
   9.99651051       4.27364445      -8.20526481E-02
   9.99370003       4.35367775      -8.20184946E-02
   9.99012184       4.39698839      -8.19945931E-02
   9.98575020       4.38221979      -8.19483995E-02
   9.98069763       4.28773022      -8.19169879E-02
   9.97525978       4.10071993      -8.18694830E-02
   9.96986580       3.82696033      -8.18318725E-02
   9.96493626       3.48975492      -8.17930698E-02
   9.96079063       3.10837913      -8.17489028E-02
   9.95761395       2.62444854      -8.17392468E-02
   9.95553303      0.896465361      -8.17107558E-02
   9.99351978      -12.6424551     -0.140082479    
   9.99353218      0.410518080     -0.140069127    
   9.99358368       4.19646120     -0.140041232    
   9.99369335       6.19318247     -0.140066147    
   9.99386120       7.39384556     -0.140082359    
   9.99406719       7.99008703     -0.140069485    
   9.99427128       8.10279846     -0.140072942    
   9.99443436       7.88657331     -0.140060425    
   9.99453640       7.49586535     -0.140072107    
   9.99458122       7.04386377     -0.140068889    
   9.99458599       6.59596205     -0.140071869    
   9.99456978       6.18292761     -0.140089512    
   9.99454689       5.81574297     -0.140073419    
   9.99452782       5.49555683     -0.140077233    
   9.99451637       5.21930027     -0.140069485    
   9.99451447       4.98249817     -0.140085340    
   9.99452400       4.78054380     -0.140074492    
   9.99454403       4.60919762     -0.140062690    
   9.99457359       4.46480942     -0.140068293    
   9.99461269       4.34434652     -0.140072346    
   9.99466038       4.24524784     -0.140090108    
   9.99471664       4.16548300     -0.140070438    
   9.99478054       4.10340691     -0.140076518    
   9.99485111       4.05769253     -0.140066147    
   9.99492645       4.02737951     -0.140067935    
   9.99500656       4.01169205     -0.140065789    
   9.99508858       4.01009798     -0.140071392    
   9.99516964       4.02224827     -0.140081525    
   9.99524403       4.04795933     -0.140071750    
   9.99530506       4.08716536     -0.140088558    
   9.99534416       4.13988686     -0.140070677    
   9.99534702       4.20622158     -0.140085697    
   9.99529743       4.28623390     -0.140089273    
   9.99516773       4.37995005     -0.140088320    
   9.99492550       4.48712587     -0.140077114    
   9.99452209       4.60716820     -0.140062690    
   9.99389458       4.73873997     -0.140058637    
   9.99296093       4.87936449     -0.140060544    
   9.99161434       5.02464294     -0.140033126    
   9.98972225       5.16719294     -0.140003443    
   9.98713493       5.29515696     -0.139967322    
   9.98370647       5.39040327     -0.139917135    
   9.97934437       5.42747307     -0.139861703    
   9.97409725       5.37556696     -0.139786124    
   9.96824169       5.20678616     -0.139703989    
   9.96229362       4.90934467     -0.139618874    
   9.95686626       4.49317169     -0.139541626    
   9.95245361       3.96687150     -0.139479876    
   9.94918346       3.21932435     -0.139438272    
   9.94682980      0.327896804     -0.139408350    
   9.98547268      -17.8782406     -0.197635531    
   9.98548889      0.614701450     -0.197619200    
   9.98554325       5.91966772     -0.197624087    
   9.98563671       8.51860046     -0.197623610    
   9.98575020       9.87861729     -0.197620392    
   9.98586178       10.3501673     -0.197637081    
   9.98595333       10.1982374     -0.197611928    
   9.98601246       9.69474697     -0.197628975    
   9.98603344       9.05419922     -0.197636724    
   9.98602104       8.40412331     -0.197626829    
   9.98598766       7.80384970     -0.197630405    
   9.98594952       7.27346277     -0.197620630    
   9.98591518       6.81465912     -0.197619200    
   9.98589230       6.42169952     -0.197595119    
   9.98588181       6.08673000     -0.197635055    
   9.98588562       5.80195427     -0.197627783    
   9.98590374       5.56048393     -0.197622776    
   9.98593521       5.35644436     -0.197624803    
   9.98597908       5.18500376     -0.197610378    
   9.98603439       5.04226065     -0.197610974    
   9.98610306       4.92501926     -0.197624922    
   9.98618221       4.83076286     -0.197633028    
   9.98627377       4.75748205     -0.197634339    
   9.98637581       4.70357227     -0.197641373    
   9.98648930       4.66786003     -0.197653532    
   9.98661232       4.64943981     -0.197633147    
   9.98674393       4.64766598     -0.197630286    
   9.98688126       4.66214991     -0.197638988    
   9.98702240       4.69268322     -0.197640538    
   9.98716259       4.73922682     -0.197650909    
   9.98729134       4.80186081     -0.197635174    
   9.98740005       4.88077116     -0.197661042    
   9.98747253       4.97617102     -0.197650552    
   9.98748493       5.08825397     -0.197633743    
   9.98740578       5.21704435     -0.197656512    
   9.98719215       5.36223555     -0.197647810    
   9.98678017       5.52290678     -0.197640181    
   9.98608589       5.69707823     -0.197635531    
   9.98499775       5.88098145     -0.197605133    
   9.98337078       6.06788731     -0.197593570    
   9.98102570       6.24639988     -0.197528124    
   9.97776604       6.39786005     -0.197465897    
   9.97342300       6.49360561     -0.197373509    
   9.96795177       6.49411249     -0.197283268    
   9.96157455       6.35484076     -0.197141528    
   9.95487499       6.04224110     -0.196996570    
   9.94866085       5.54818487     -0.196886420    
   9.94360924       4.86873770     -0.196786404    
   9.93988991       3.83769345     -0.196709633    
   9.93711185     -0.261941731     -0.196655512    
   9.97745228      -22.8505497     -0.254171133    
   9.97747421      0.962897897     -0.254139900    
   9.97753525       7.77208042     -0.254167795    
   9.97762489       10.9742088     -0.254133463    
   9.97770405       12.4588728     -0.254158854    
   9.97774506       12.7532043     -0.254134417    
   9.97774220       12.2973528     -0.254144073    
   9.97770691       11.4898415     -0.254144549    
   9.97764778       10.5972033     -0.254140258    
   9.97757816       9.75219154     -0.254146576    
   9.97750664       9.00337315     -0.254136086    
   9.97744465       8.35870075     -0.254154205    
   9.97739887       7.81035328     -0.254135489    
   9.97737026       7.34591770     -0.254132867    
   9.97736168       6.95298529     -0.254117370    
   9.97737026       6.62064838     -0.254116416    
   9.97739601       6.33982992     -0.254122376    
   9.97743797       6.10314894     -0.254139185    
   9.97749519       5.90464497     -0.254132152    
   9.97756863       5.73957157     -0.254127622    
   9.97765446       5.60412645     -0.254154325    
   9.97775745       5.49532032     -0.254120350    
   9.97787476       5.41079569     -0.254139423    
   9.97800732       5.34865379     -0.254150391    
   9.97815514       5.30754185     -0.254169345    
   9.97831917       5.28639984     -0.254171252    
   9.97849941       5.28448820     -0.254161358    
   9.97869301       5.30136299     -0.254159212    
   9.97889996       5.33681154     -0.254171848    
   9.97911453       5.39079809     -0.254155278    
   9.97933197       5.46346474     -0.254176497    
   9.97954369       5.55510712     -0.254188299    
   9.97973728       5.66602993     -0.254182696    
   9.97989178       5.79663038     -0.254207373    
   9.97997856       5.94712305     -0.254194498    
   9.97995567       6.11752939     -0.254187942    
   9.97976494       6.30728626     -0.254189968    
   9.97932243       6.51491070     -0.254178882    
   9.97851276       6.73727131     -0.254156828    
   9.97717857       6.96837759     -0.254120946    
   9.97511578       7.19756746     -0.254088402    
   9.97207737       7.40630960     -0.253992796    
   9.96780491       7.56400776     -0.253886700    
   9.96213055       7.62389994     -0.253739357    
   9.95516396       7.52486849     -0.253565907    
   9.94750118       7.20771933     -0.253371358    
   9.94016361       6.64042091     -0.253174424    
   9.93411732       5.80520010     -0.253021240    
   9.92976189       4.48851538     -0.252904654    
   9.92651749     -0.794344485     -0.252831221    
   9.96935463      -27.2196865     -0.308957219    
   9.96937847       1.62921083     -0.308986664    
   9.96944904       9.80832386     -0.308962107    
   9.96953678       13.5329485     -0.308993936    
   9.96959209       15.0565891     -0.308996558    
   9.96957970       15.1001940     -0.308976531    
   9.96950150       14.3085051     -0.308993220    
   9.96938515       13.1991091     -0.308976293    
   9.96925449       12.0696812     -0.308976173    
   9.96913147       11.0456591     -0.308976889    
   9.96902466       10.1607962     -0.308973551    
   9.96894169       9.41075039     -0.308943868    
   9.96888351       8.77902222     -0.308975816    
   9.96885109       8.24733162     -0.308978200    
   9.96884346       7.79936552     -0.308968902    
   9.96885681       7.42152929     -0.308987260    
   9.96889210       7.10286570     -0.308961749    
   9.96894455       6.83459949     -0.308973908    
   9.96901512       6.60981560     -0.308983922    
   9.96910381       6.42301416     -0.308990240    
   9.96920967       6.26981640     -0.308976769    
   9.96933365       6.14678621     -0.308989048    
   9.96947670       6.05124903     -0.308995366    
   9.96963882       5.98106146     -0.309000373    
   9.96982193       5.93466377     -0.308975220    
   9.97002506       5.91086102     -0.308998823    
   9.97025204       5.90883160     -0.309017420    
   9.97049999       5.92808437     -0.309001207    
   9.97076893       5.96835566     -0.309043765    
   9.97105789       6.02965307     -0.309022546    
   9.97136307       6.11214495     -0.309039831    
   9.97167778       6.21620131     -0.309067130    
   9.97199154       6.34224081     -0.309065580    
   9.97228909       6.49079943     -0.309080839    
   9.97254276       6.66226482     -0.309084892    
   9.97271824       6.85689640     -0.309083104    
   9.97275734       7.07441759     -0.309095740    
   9.97258186       7.31376505     -0.309072375    
   9.97207165       7.57231808     -0.309071779    
   9.97106647       7.84479809     -0.309031129    
   9.96933842       8.12136745     -0.308981419    
   9.96659279       8.38425922     -0.308883071    
   9.96247673       8.60244846     -0.308780909    
   9.95667267       8.72491360     -0.308582902    
   9.94910431       8.67697239     -0.308347106    
   9.94028854       8.37279320     -0.308081388    
   9.93145943       7.74972153     -0.307798505    
   9.92405510       6.77291679     -0.307577133    
   9.91887188       5.18975735     -0.307415009    
   9.91505623      -1.19554377     -0.307299018    
   9.96120167      -30.6679134     -0.361583352    
   9.96122932       2.75860143     -0.361601353    
   9.96130180       12.1214094     -0.361585140    
   9.96138573       16.1995811     -0.361586213    
   9.96141529       17.6004410     -0.361570597    
   9.96135712       17.2931385     -0.361587048    
   9.96121788       16.1436062     -0.361602783    
   9.96103573       14.7526903     -0.361586094    
   9.96084976       13.4159374     -0.361554980    
   9.96068096       12.2379675     -0.361553550    
   9.96054459       11.2354650     -0.361550212    
   9.96044445       10.3929796     -0.361554980    
   9.96037769       9.68692780     -0.361552954    
   9.96034527       9.09449673     -0.361547351    
   9.96034050       8.59628296     -0.361541152    
   9.96035957       8.17654610     -0.361557245    
   9.96040249       7.82279778     -0.361576796    
   9.96046734       7.52514839     -0.361541867    
   9.96055031       7.27581358     -0.361583710    
   9.96065617       7.06865406     -0.361565828    
   9.96078014       6.89879274     -0.361560583    
   9.96092510       6.76240921     -0.361561179    
   9.96109200       6.65652466     -0.361594796    
   9.96128368       6.57876825     -0.361579299    
   9.96149921       6.52741098     -0.361595750    
   9.96174335       6.50111580     -0.361586094    
   9.96201420       6.49898195     -0.361591935    
   9.96231461       6.52046633     -0.361625910    
   9.96264648       6.56528902     -0.361616015    
   9.96300793       6.63344908     -0.361642480    
   9.96339989       6.72518826     -0.361632943    
   9.96381569       6.84089613     -0.361674428    
   9.96425056       6.98111010     -0.361684918    
   9.96469021       7.14643240     -0.361696839    
   9.96511364       7.33743334     -0.361714005    
   9.96549034       7.55450964     -0.361720800    
   9.96576786       7.79762173     -0.361748815    
   9.96587181       8.06599426     -0.361758590    
   9.96568584       8.35740948     -0.361751080    
   9.96504498       8.66716194     -0.361720800    
   9.96370792       8.98627281     -0.361662984    
   9.96133709       9.29810715     -0.361579299    
   9.95749664       9.57278156     -0.361422181    
   9.95169735       9.75866795     -0.361225367    
   9.94361115       9.77352333     -0.360943079    
   9.93353176       9.50788784     -0.360576868    
   9.92283535       8.86137962     -0.360178828    
   9.91361332       7.77239609     -0.359835982    
   9.90723610       5.95585442     -0.359619021    
   9.90272903      -1.39661610     -0.359452605    
   9.95309162      -32.9008865     -0.411317706    
   9.95312119       4.46932983     -0.411313415    
   9.95318985       14.7764635     -0.411340356    
   9.95325565       18.9601097     -0.411345005    
   9.95325279       20.0010834     -0.411332607    
   9.95315075       19.2365417     -0.411334515    
   9.95296192       17.7330608     -0.411327600    
   9.95272827       16.1023579     -0.411340475    
   9.95249844       14.5990744     -0.411318421    
   9.95229816       13.2973404     -0.411311030    
   9.95214081       12.1977987     -0.411291003    
   9.95203114       11.2767344     -0.411277771    
   9.95196247       10.5059376     -0.411286712    
   9.95193100       9.85957432     -0.411290526    
   9.95193291       9.31620979     -0.411279559    
   9.95195866       8.85851097     -0.411295176    
   9.95201302       8.47283649     -0.411293626    
   9.95208836       8.14838409     -0.411291242    
   9.95218658       7.87664700     -0.411296129    
   9.95230675       7.65091276     -0.411298633    
   9.95244789       7.46586609     -0.411290646    
   9.95261478       7.31730890     -0.411294699    
   9.95280647       7.20203257     -0.411323786    
   9.95302582       7.11739635     -0.411341429    
   9.95327377       7.06155348     -0.411348104    
   9.95355511       7.03302288     -0.411366343    
   9.95386887       7.03083706     -0.411362648    
   9.95422173       7.05441380     -0.411381602    
   9.95461178       7.10346270     -0.411411285    
   9.95504761       7.17799759     -0.411400795    
   9.95552063       7.27828741     -0.411441684    
   9.95603752       7.40480661     -0.411427736    
   9.95659161       7.55815029     -0.411468744    
   9.95717335       7.73907328     -0.411510348    
   9.95776558       7.94821930     -0.411542892    
   9.95834541       8.18615055     -0.411558747    
   9.95886707       8.45298386     -0.411587715    
   9.95925999       8.74810600     -0.411584735    
   9.95941544       9.06951904     -0.411602139    
   9.95917130       9.41284847     -0.411596775    
   9.95828056       9.76963902     -0.411549091    
   9.95637798       10.1242714     -0.411467433    
   9.95295429       10.4487543     -0.411332250    
   9.94736481       10.6941280     -0.411103010    
   9.93898106       10.7783108     -0.410747528    
   9.92769241       10.5782156     -0.410282493    
   9.91478157       9.95349312     -0.409755826    
   9.90305042       8.79749775     -0.409270525    
   9.89484119       6.79520702     -0.408927798    
   9.88943577      -1.33675873     -0.408708334    
   9.94516659      -33.6259651     -0.457699656    
   9.94519234       6.88097191     -0.457737088    
   9.94525051       17.8048267     -0.457723141    
   9.94528484       21.7400856     -0.457746506    
   9.94523621       22.1356392     -0.457746625    
   9.94508171       20.8383617     -0.457714319    
   9.94484711       19.0225754     -0.457708001    
   9.94457817       17.2134247     -0.457690358    
   9.94431973       15.5923214     -0.457692981    
   9.94410038       14.2001171     -0.457696795    
   9.94393635       13.0254335     -0.457681775    
   9.94382381       12.0402908     -0.457661629    
   9.94375610       11.2146673     -0.457666636    
   9.94373131       10.5215368     -0.457664847    
   9.94374084       9.93839073     -0.457688808    
   9.94377899       9.44700718     -0.457678556    
   9.94384289       9.03293037     -0.457664728    
   9.94393253       8.68459225     -0.457679391    
   9.94404411       8.39293957     -0.457690954    
   9.94418240       8.15074635     -0.457687020    
   9.94434071       7.95226955     -0.457720637    
   9.94452953       7.79302597     -0.457697988    
   9.94474506       7.66949987     -0.457713246    
   9.94498825       7.57886791     -0.457722187    
   9.94526863       7.51912594     -0.457742691    
   9.94558430       7.48869991     -0.457731128    
   9.94594097       7.48655510     -0.457777023    
   9.94634151       7.51205873     -0.457782269    
   9.94679165       7.56494093     -0.457798004    
   9.94729233       7.64524794     -0.457839251    
   9.94785023       7.75330114     -0.457841396    
   9.94846153       7.88966370     -0.457875133    
   9.94913101       8.05502605     -0.457914591    
   9.94985199       8.25026131     -0.457958102    
   9.95061207       8.47616577     -0.458000779    
   9.95139408       8.73339272     -0.458023429    
   9.95215893       9.02212715     -0.458072782    
   9.95284462       9.34182167     -0.458107710    
   9.95335770       9.69046307     -0.458120227    
   9.95353508       10.0635748     -0.458134651    
   9.95313835       10.4527121     -0.458087564    
   9.95179367       10.8427114     -0.458042502    
   9.94894981       11.2074146     -0.457916975    
   9.94383907       11.5025558     -0.457682490    
   9.93553638       11.6540861     -0.457301021    
   9.92335701       11.5412922     -0.456723094    
   9.90800095       10.9931316     -0.456015229    
   9.89276218       9.83492565     -0.455318809    
   9.88165665       7.71345568     -0.454805136    
   9.87495804     -0.958781540     -0.454497337    
   9.93760395      -32.5532799     -0.500249743    
   9.93762302       10.1083536     -0.500276923    
   9.93765926       21.1864033     -0.500232577    
   9.93764400       24.3681316     -0.500222325    
   9.93752384       23.8571987     -0.500270128    
   9.93730927       22.0317001     -0.500248790    
   9.93703079       19.9814548     -0.500256419    
   9.93673420       18.0624523     -0.500217915    
   9.93646049       16.3716450     -0.500203967    
   9.93624020       14.9214020     -0.500167608    
   9.93607426       13.6936922     -0.500207901    
   9.93596745       12.6601887     -0.500203371    
   9.93591118       11.7913580     -0.500191569    
   9.93589687       11.0605068     -0.500193477    
   9.93591881       10.4449158     -0.500191808    
   9.93597031       9.92594433     -0.500164390    
   9.93604755       9.48855019     -0.500200868    
   9.93615055       9.12072659     -0.500186682    
   9.93627739       8.81284809     -0.500212789    
   9.93642998       8.55729294     -0.500216484    
   9.93660641       8.34799576     -0.500251770    
   9.93681240       8.18014240     -0.500251174    
   9.93705273       8.04999256     -0.500241995    
   9.93732166       7.95455837     -0.500274897    
   9.93763065       7.89168406     -0.500283837    
   9.93797970       7.85972548     -0.500285387    
   9.93837738       7.85759306     -0.500313997    
   9.93882465       7.88462734     -0.500326395    
   9.93933010       7.94057083     -0.500344753    
   9.93989563       8.02550697     -0.500370026    
   9.94052982       8.13984585     -0.500406384    
   9.94123363       8.28423405     -0.500454545    
   9.94201469       8.45949841     -0.500482082    
   9.94286823       8.66664505     -0.500533700    
   9.94379139       8.90660095     -0.500583649    
   9.94476891       9.18013096     -0.500641227    
   9.94577408       9.48757076     -0.500696301    
   9.94675541       9.82826328     -0.500729680    
   9.94762516       10.2001238     -0.500772834    
   9.94824123       10.5983448     -0.500813365    
   9.94837856       11.0140591     -0.500823617    
   9.94767094       11.4319353     -0.500792861    
   9.94557095       11.8270369     -0.500651121    
   9.94124603       12.1601162     -0.500462055    
   9.93354511       12.3694353     -0.500090361    
   9.92112255       12.3525105     -0.499446869    
   9.90345573       11.9335003     -0.498553514    
   9.88347340       10.8606806     -0.497553945    
   9.86768150       8.71150112     -0.496754050    
   9.85885239     -0.211964145     -0.496295810    
   9.93059158      -29.3502350     -0.538459420    
   9.93060493       14.2804403     -0.538475990    
   9.93059921       24.7870674     -0.538573623    
   9.93051052       26.5603275     -0.538471460    
   9.93029881       25.0296421     -0.538489103    
   9.93001175       22.7851028     -0.538471222    
   9.92968655       20.5982819     -0.538496137    
   9.92936993       18.6325188     -0.538446188    
   9.92909241       16.9141006     -0.538429022    
   9.92887497       15.4362907     -0.538431168    
   9.92872334       14.1791544     -0.538425088    
   9.92863083       13.1162281     -0.538399816    
   9.92858887       12.2198925     -0.538422942    
   9.92858887       11.4644318     -0.538435936    
   9.92862701       10.8274355     -0.538409472    
   9.92869282       10.2901649     -0.538422823    
   9.92878437       9.83736229     -0.538438201    
   9.92890263       9.45660686     -0.538416982    
   9.92904377       9.13801098     -0.538427711    
   9.92921162       8.87364006     -0.538440466    
   9.92940521       8.65714836     -0.538443089    
   9.92963314       8.48357010     -0.538432360    
   9.92988968       8.34898663     -0.538473248    
   9.93018436       8.25027847     -0.538489819    
   9.93052197       8.18519592     -0.538488984    
   9.93090153       8.15204716     -0.538540602    
   9.93133450       8.14968777     -0.538595557    
   9.93182468       8.17744541     -0.538595676    
   9.93238163       8.23507309     -0.538614035    
   9.93300629       8.32269096     -0.538642406    
   9.93371391       8.44076157     -0.538696527    
   9.93450451       8.59000111     -0.538718462    
   9.93538952       8.77132416     -0.538733363    
   9.93636799       8.98586655     -0.538815141    
   9.93744564       9.23467922     -0.538887620    
   9.93861294       9.51871109     -0.538946390    
   9.93984890       9.83836174     -0.538996220    
   9.94111729       10.1931076     -0.539078116    
   9.94234371       10.5807753     -0.539148450    
   9.94340706       10.9964247     -0.539205432    
   9.94410133       11.4308777     -0.539240003    
   9.94409847       11.8685608     -0.539264441    
   9.94288445       12.2853298     -0.539183378    
   9.93964672       12.6458778     -0.539001465    
   9.93313026       12.9002504     -0.538645267    
   9.92143059       12.9714670     -0.538009286    
   9.90233898       12.7134275     -0.536974430    
   9.87659550       11.8320837     -0.535570264    
   9.85311699       9.78650188     -0.534303665    
   9.84030628      0.954358876     -0.533613563    
   9.92433071      -23.6221008     -0.572057009    
   9.92433262       19.4833565     -0.572036862    
   9.92426872       28.2038136     -0.572040558    
   9.92406750       27.9691525     -0.572090983    
   9.92375088       25.5691185     -0.571969509    
   9.92337418       23.0902119     -0.572000742    
   9.92300129       20.8675365     -0.571983933    
   9.92266750       18.9138908     -0.571953177    
   9.92239189       17.2108974     -0.571942687    
   9.92218685       15.7409868     -0.571927905    
   9.92205048       14.4842262     -0.571949005    
   9.92197895       13.4168434     -0.571913362    
   9.92195988       12.5136328     -0.571887732    
   9.92197704       11.7504559     -0.571927309    
   9.92203331       11.1058359     -0.571882963    
   9.92211342       10.5615101     -0.571953654    
   9.92221928       10.1023502     -0.571911097    
   9.92235374       9.71603870     -0.571953058    
   9.92250919       9.39259529     -0.571947098    
   9.92269135       9.12411499     -0.571967125    
   9.92290401       8.90414715     -0.571938992    
   9.92314529       8.72768116     -0.571978927    
   9.92342377       8.59074879     -0.571967006    
   9.92373848       8.49017239     -0.572013021    
   9.92409992       8.42370796     -0.572039843    
   9.92450905       8.38959599     -0.572078705    
   9.92497635       8.38666916     -0.572080016    
   9.92550945       8.41425514     -0.572054625    
   9.92610931       8.47206402     -0.572125673    
   9.92678642       8.56023121     -0.572185159    
   9.92755795       8.67916393     -0.572208047    
   9.92843151       8.82960224     -0.572260618    
   9.92940903       9.01243210     -0.572389126    
   9.93050575       9.22880363     -0.572399020    
   9.93172741       9.47974873     -0.572478175    
   9.93307114       9.76622581     -0.572534084    
   9.93452740       10.0886374     -0.572614789    
   9.93606853       10.4464550     -0.572729230    
   9.93763924       10.8375463     -0.572826505    
   9.93914604       11.2569437     -0.572846413    
   9.94040680       11.6956320     -0.572963715    
   9.94115162       12.1385708     -0.572988749    
   9.94092560       12.5631475     -0.573006034    
   9.93901539       12.9380922     -0.572893977    
   9.93421078       13.2229424     -0.572602987    
   9.92436314       13.3634233     -0.572056532    
   9.90575027       13.2630014     -0.570970893    
   9.87469578       12.6680927     -0.569167495    
   9.83892441       10.9151535     -0.567115426    
   9.81797028       2.57985592     -0.565907598    
   9.91901302      -14.7431498     -0.600539923    
   9.91899014       25.6176300     -0.600499034    
   9.91883469       30.6353264     -0.600544691    
   9.91850376       28.3393612     -0.600500941    
   9.91805458       25.4721470     -0.600538492    
   9.91758823       22.9726391     -0.600461721    
   9.91716099       20.8229675     -0.600430369    
   9.91680431       18.9505539     -0.600379109    
   9.91653156       17.3142643     -0.600356460    
   9.91634369       15.8924294     -0.600395560    
   9.91623020       14.6675434     -0.600400209    
   9.91618443       13.6199780     -0.600329399    
   9.91618252       12.7283964     -0.600333452    
   9.91622353       11.9715433     -0.600364089    
   9.91629601       11.3299160     -0.600380540    
   9.91639137       10.7865076     -0.600361943    
   9.91651535       10.3270283     -0.600352645    
   9.91665936       9.93970585     -0.600453138    
   9.91683102       9.61490154     -0.600413918    
   9.91703033       9.34489822     -0.600393295    
   9.91725254       9.12338638     -0.600427032    
   9.91751003       8.94547081     -0.600474715    
   9.91780663       8.80720234     -0.600456953    
   9.91813755       8.70545006     -0.600520968    
   9.91852379       8.63799095     -0.600513816    
   9.91895866       8.60302258     -0.600526452    
   9.91945267       8.59938622     -0.600570083    
   9.92001724       8.62634468     -0.600619316    
   9.92065811       8.68359947     -0.600628853    
   9.92138767       8.77119255     -0.600661278    
   9.92221451       8.88944817     -0.600704551    
   9.92315483       9.03898907     -0.600794435    
   9.92421818       9.22056675     -0.600847721    
   9.92541885       9.43511772     -0.600923777    
   9.92676640       9.68344593     -0.600993276    
   9.92826939       9.96618080     -0.601104379    
   9.92992592       10.2833452     -0.601199746    
   9.93171883       10.6340141     -0.601328254    
   9.93361759       11.0155182     -0.601429224    
   9.93554211       11.4224882     -0.601574183    
   9.93736267       11.8457766     -0.601647973    
   9.93885612       12.2709370     -0.601734638    
   9.93967152       12.6776581     -0.601766109    
   9.93922234       13.0397711     -0.601745248    
   9.93649006       13.3267164     -0.601574659    
   9.92947483       13.5034628     -0.601188064    
   9.91391659       13.5203714     -0.600207090    
   9.88135910       13.2383299     -0.598262668    
   9.82863998       12.0271530     -0.595061660    
   9.78980541       4.70293808     -0.592710614    
   9.91479778      -1.57408035     -0.623714685    
   9.91473389       31.6922569     -0.623725176    
   9.91447735       31.1529903     -0.623687863    
   9.91398811       27.6753597     -0.623611569    
   9.91339207       24.8637695     -0.623664975    
   9.91282082       22.5759468     -0.623564601    
   9.91232967       20.6148262     -0.623594761    
   9.91194630       18.8860111     -0.623536706    
   9.91167927       17.3523369     -0.623525143    
   9.91150570       16.0002441     -0.623555660    
   9.91141033       14.8207407     -0.623542786    
   9.91138649       13.8015633     -0.623502374    
   9.91141415       12.9269972     -0.623517990    
   9.91147423       12.1798372     -0.623491406    
   9.91155910       11.5432138     -0.623562098    
   9.91167927       11.0019264     -0.623538017    
   9.91180801       10.5428076     -0.623544335    
   9.91197014       10.1547928     -0.623528600    
   9.91215038       9.82875729     -0.623581409    
   9.91235352       9.55722713     -0.623643279    
   9.91259670       9.33415890     -0.623600960    
   9.91287041       9.15473652     -0.623597503    
   9.91317749       9.01508617     -0.623614073    
   9.91352654       8.91215420     -0.623616815    
   9.91392994       8.84368515     -0.623658419    
   9.91438484       8.80791092     -0.623634338    
   9.91490269       8.80362129     -0.623707771    
   9.91549206       8.83010292     -0.623752952    
   9.91616249       8.88693142     -0.623850226    
   9.91693211       8.97411251     -0.623893857    
   9.91780853       9.09182930     -0.623915553    
   9.91880608       9.24055862     -0.623988986    
   9.91993999       9.42087078     -0.624072313    
   9.92122936       9.63339424     -0.624073744    
   9.92267990       9.87859917     -0.624228477    
   9.92431831       10.1566219     -0.624333143    
   9.92614651       10.4668150     -0.624409795    
   9.92816353       10.8073978     -0.624513149    
   9.93034267       11.1746378     -0.624702692    
   9.93264389       11.5618143     -0.624866724    
   9.93497276       11.9583931     -0.625032544    
   9.93717670       12.3488178     -0.625110269    
   9.93899345       12.7125759     -0.625226498    
   9.94000244       13.0258007     -0.625320792    
   9.93945217       13.2651043     -0.625270963    
   9.93579006       13.4127254     -0.625008702    
   9.92540359       13.4614792     -0.624393702    
   9.89852428       13.4008846     -0.622679949    
   9.83258820       12.9272232     -0.618524194    
   9.75401402       7.35850143     -0.613582253    
   9.91180706       18.0198154     -0.641175151    
   9.91174126       34.2315331     -0.641263127    
   9.91133785       29.4669018     -0.641312361    
   9.91064548       26.4087849     -0.641234517    
   9.90987968       24.1629028     -0.641256452    
   9.90919876       22.2457256     -0.641138077    
   9.90864944       20.5132103     -0.641036987    
   9.90824413       18.9254532     -0.641061187    
   9.90797329       17.4783916     -0.641049862    
   9.90781593       16.1780128     -0.641087651    
   9.90775108       15.0276403     -0.640947104    
   9.90774155       14.0232592     -0.641032934    
   9.90778065       13.1547403     -0.641038418    
   9.90786457       12.4084101     -0.640932798    
   9.90795994       11.7697515     -0.641046166    
   9.90808296       11.2249298     -0.641136765    
   9.90823078       10.7616549     -0.641119123    
   9.90839672       10.3693705     -0.641143441    
   9.90859413       10.0392294     -0.641077280    
   9.90881157       9.76396561     -0.641095400    
   9.90906048       9.53760719     -0.641125441    
   9.90933990       9.35538769     -0.641137123    
   9.90965557       9.21345711     -0.641202092    
   9.91002083       9.10875320     -0.641163826    
   9.91043377       9.03902721     -0.641234279    
   9.91091061       9.00248241     -0.641133666    
   9.91144085       8.99792480     -0.641285300    
   9.91205406       9.02454090     -0.641311407    
   9.91275215       9.08191586     -0.641306520    
   9.91354370       9.16999054     -0.641467333    
   9.91445160       9.28889847     -0.641599774    
   9.91549301       9.43899918     -0.641614079    
   9.91667652       9.62069988     -0.641732216    
   9.91804218       9.83448219     -0.641601801    
   9.91956997       10.0804806     -0.641745687    
   9.92131138       10.3584347     -0.641910315    
   9.92327595       10.6671143     -0.641975880    
   9.92545319       11.0038824     -0.642305255    
   9.92786217       11.3637829     -0.642363906    
   9.93046951       11.7384825     -0.642463684    
   9.93321037       12.1152201     -0.642671227    
   9.93599319       12.4755316     -0.642881870    
   9.93866158       12.7954702     -0.643020391    
   9.94094086       13.0470839     -0.643216848    
   9.94235134       13.2031536     -0.643308997    
   9.94189262       13.2453156     -0.643271923    
   9.93723106       13.1816902     -0.642984271    
   9.92147064       13.0888567     -0.641897202    
   9.86637497       13.1629705     -0.638354063    
   9.71901798       10.5533638     -0.628814697    
   9.91012764       38.1182289     -0.653249502    
   9.91007614       30.9998493     -0.653356075    
   9.90941811       27.9784203     -0.653135180    
   9.90849686       25.9067516     -0.653115869    
   9.90758896       24.0429630     -0.653067350    
   9.90680981       22.2888451     -0.653146148    
   9.90621471       20.6327591     -0.653020501    
   9.90580177       19.0828266     -0.652896643    
   9.90553570       17.6538811     -0.652783513    
   9.90538597       16.3603477     -0.652841449    
   9.90531349       15.2100077     -0.652992010    
   9.90533161       14.2017384     -0.652981162    
   9.90538788       13.3273115     -0.652812243    
   9.90546417       12.5742769     -0.653036833    
   9.90557575       11.9288435     -0.653052330    
   9.90572357       11.3776026     -0.652875900    
   9.90586090       10.9084644     -0.653019309    
   9.90605354       10.5109873     -0.652834892    
   9.90624523       10.1763229     -0.652966022    
   9.90647316       9.89720249     -0.653048158    
   9.90673637       9.66762352     -0.652815938    
   9.90700340       9.48279285     -0.652938724    
   9.90732861       9.33884430     -0.653127551    
   9.90770721       9.23264599     -0.653016448    
   9.90812302       9.16195011     -0.653204083    
   9.90860176       9.12491894     -0.653119445    
   9.90915298       9.12036228     -0.653105617    
   9.90978527       9.14744377     -0.653157949    
   9.91049576       9.20577717     -0.653238297    
   9.91131687       9.29521370     -0.653206944    
   9.91225243       9.41594028     -0.653047919    
   9.91331196       9.56829453     -0.653364182    
   9.91453552       9.75265884     -0.653388381    
   9.91591167       9.96944618     -0.653801918    
   9.91752911       10.2187386     -0.653510332    
   9.91931629       10.5001688     -0.653828502    
   9.92137241       10.8123360     -0.653731108    
   9.92366409       11.1523190     -0.654106498    
   9.92622280       11.5147467     -0.654127121    
   9.92901325       11.8907213     -0.654573560    
   9.93204117       12.2666121     -0.654546618    
   9.93521595       12.6228485     -0.654923677    
   9.93845272       12.9338436     -0.655072212    
   9.94163227       13.1691256     -0.655185461    
   9.94442368       13.2967882     -0.655385852    
   9.94631481       13.2887993     -0.655518770    
   9.94610596       13.1317196     -0.655546904    
   9.94064045       12.8534689     -0.655208468    
   9.91576290       12.6326122     -0.653534055    
   9.74971104       13.0190268     -0.642615199    
   9.90972137       35.2557793     -0.659271836    
   9.90941715       28.8562279     -0.659282327    
   9.90856934       26.9935513     -0.658844113    
   9.90752792       25.2806530     -0.659034848    
   9.90655136       23.5853806     -0.659011841    
   9.90573788       21.9298286     -0.658966422    
   9.90511608       20.3388367     -0.658934712    
   9.90468693       18.8349838     -0.658799052    
   9.90441322       17.4398289     -0.658717871    
   9.90426636       16.1714325     -0.659072399    
   9.90421867       15.0399466     -0.658753753    
   9.90424252       14.0459604     -0.658641934    
   9.90429211       13.1824818     -0.658828497    
   9.90439606       12.4380217     -0.658910871    
   9.90449238       11.7994232     -0.658784151    
   9.90463352       11.2537079     -0.658908248    
   9.90479660       10.7891169     -0.658776283    
   9.90496826       10.3953724     -0.659005284    
   9.90517998       10.0638132     -0.658737063    
   9.90539455       9.78725433     -0.658956170    
   9.90564060       9.55978775     -0.659000754    
   9.90595055       9.37664604     -0.659106135    
   9.90626240       9.23402882     -0.658877134    
   9.90665054       9.12882710     -0.658967376    
   9.90706825       9.05882168     -0.658989191    
   9.90756130       9.02221298     -0.659216046    
   9.90812302       9.01777172     -0.658983469    
   9.90874767       9.04471493     -0.659273624    
   9.90948009       9.10263062     -0.659035563    
   9.91029072       9.19140148     -0.659355998    
   9.91122246       9.31119442     -0.659212589    
   9.91231155       9.46233082     -0.659345627    
   9.91354847       9.64521790     -0.659580231    
   9.91495991       9.86022186     -0.659667373    
   9.91655636       10.1074524     -0.659624696    
   9.91840839       10.3864431     -0.659909248    
   9.92047882       10.6957951     -0.660080314    
   9.92283535       11.0325108     -0.660149932    
   9.92544651       11.3911734     -0.660200477    
   9.92833996       11.7627716     -0.660331488    
   9.93146420       12.1336060     -0.660679340    
   9.93483448       12.4840670     -0.660897136    
   9.93833637       12.7885790     -0.661106110    
   9.94188976       13.0168715     -0.661300898    
   9.94530010       13.1371880     -0.661514044    
   9.94823456       13.1215973     -0.661816835    
   9.95006084       12.9559069     -0.661954761    
   9.94951057       12.6632309     -0.661841989    
   9.94243526       12.3864698     -0.661342978    
   9.88304996       12.8272076     -0.657387614    
