   2.05428922E-03   4.93317889E-03   2.04725584E-04
   2.05428922E-03   2.46464256E-02   2.04725584E-04
   2.05428922E-03   6.39951229E-02   2.04725584E-04
   2.05428922E-03  0.122823969       2.04725584E-04
   2.05428922E-03  0.200900808       2.04725584E-04
   2.05428922E-03  0.297917485       2.04725584E-04
   2.05428922E-03  0.413491160       2.04725584E-04
   2.05428922E-03  0.547165692       2.04725584E-04
   2.05428922E-03  0.698413491       2.04725584E-04
   2.05428922E-03  0.866637707       2.04725584E-04
   2.05428922E-03   1.05117440       2.04725584E-04
   2.05428922E-03   1.25129533       2.04725584E-04
   2.05428922E-03   1.46621060       2.04725584E-04
   2.05428922E-03   1.69507217       2.04725584E-04
   2.05428922E-03   1.93697691       2.04725584E-04
   2.05428922E-03   2.19096994       2.04725584E-04
   2.05428922E-03   2.45604897       2.04725584E-04
   2.05428922E-03   2.73116755       2.04725584E-04
   2.05428922E-03   3.01524043       2.04725584E-04
   2.05428922E-03   3.30714607       2.04725584E-04
   2.05428922E-03   3.60573292       2.04725584E-04
   2.05428922E-03   3.90982199       2.04725584E-04
   2.05428922E-03   4.21821404       2.04725584E-04
   2.05428922E-03   4.52969074       2.04725584E-04
   2.05428922E-03   4.84302378       2.04725584E-04
   2.05428922E-03   5.15697622       2.04725584E-04
   2.05428922E-03   5.47030926       2.04725584E-04
   2.05428922E-03   5.78178596       2.04725584E-04
   2.05428922E-03   6.09017754       2.04725584E-04
   2.05428922E-03   6.39426708       2.04725584E-04
   2.05428922E-03   6.69285393       2.04725584E-04
   2.05428922E-03   6.98475933       2.04725584E-04
   2.05428922E-03   7.26883221       2.04725584E-04
   2.05428922E-03   7.54395103       2.04725584E-04
   2.05428922E-03   7.80903006       2.04725584E-04
   2.05428922E-03   8.06302261       2.04725584E-04
   2.05428922E-03   8.30492783       2.04725584E-04
   2.05428922E-03   8.53378868       2.04725584E-04
   2.05428922E-03   8.74870491       2.04725584E-04
   2.05428922E-03   8.94882584       2.04725584E-04
   2.05428922E-03   9.13336182       2.04725584E-04
   2.05428922E-03   9.30158615       2.04725584E-04
   2.05428922E-03   9.45283508       2.04725584E-04
   2.05428922E-03   9.58650970       2.04725584E-04
   2.05428922E-03   9.70208263       2.04725584E-04
   2.05428922E-03   9.79909897       2.04725584E-04
   2.05428922E-03   9.87717628       2.04725584E-04
   2.05428922E-03   9.93600464       2.04725584E-04
   2.05428922E-03   9.97535324       2.04725584E-04
   2.05428922E-03   9.99506664       2.04725584E-04
   8.87941197E-03   4.93317889E-03   8.76514765E-04
   8.87941197E-03   2.46464256E-02   8.76514765E-04
   8.87941197E-03   6.39951229E-02   8.76514765E-04
   8.87941197E-03  0.122823969       8.76514765E-04
   8.87941197E-03  0.200900808       8.76514765E-04
   8.87941197E-03  0.297917485       8.76514765E-04
   8.87941197E-03  0.413491160       8.76514765E-04
   8.87941197E-03  0.547165692       8.76514765E-04
   8.87941197E-03  0.698413491       8.76514765E-04
   8.87941197E-03  0.866637707       8.76514765E-04
   8.87941197E-03   1.05117440       8.76514765E-04
   8.87941197E-03   1.25129533       8.76514765E-04
   8.87941197E-03   1.46621060       8.76514765E-04
   8.87941197E-03   1.69507217       8.76514765E-04
   8.87941197E-03   1.93697691       8.76514765E-04
   8.87941197E-03   2.19096994       8.76514765E-04
   8.87941197E-03   2.45604897       8.76514765E-04
   8.87941197E-03   2.73116755       8.76514765E-04
   8.87941197E-03   3.01524043       8.76514765E-04
   8.87941197E-03   3.30714607       8.76514765E-04
   8.87941197E-03   3.60573292       8.76514765E-04
   8.87941197E-03   3.90982199       8.76514765E-04
   8.87941197E-03   4.21821404       8.76514765E-04
   8.87941197E-03   4.52969074       8.76514765E-04
   8.87941197E-03   4.84302378       8.76514765E-04
   8.87941197E-03   5.15697622       8.76514765E-04
   8.87941197E-03   5.47030926       8.76514765E-04
   8.87941197E-03   5.78178596       8.76514765E-04
   8.87941197E-03   6.09017754       8.76514765E-04
   8.87941197E-03   6.39426708       8.76514765E-04
   8.87941197E-03   6.69285393       8.76514765E-04
   8.87941197E-03   6.98475933       8.76514765E-04
   8.87941197E-03   7.26883221       8.76514765E-04
   8.87941197E-03   7.54395103       8.76514765E-04
   8.87941197E-03   7.80903006       8.76514765E-04
   8.87941197E-03   8.06302261       8.76514765E-04
   8.87941197E-03   8.30492783       8.76514765E-04
   8.87941197E-03   8.53378868       8.76514765E-04
   8.87941197E-03   8.74870491       8.76514765E-04
   8.87941197E-03   8.94882584       8.76514765E-04
   8.87941197E-03   9.13336182       8.76514765E-04
   8.87941197E-03   9.30158615       8.76514765E-04
   8.87941197E-03   9.45283508       8.76514765E-04
   8.87941197E-03   9.58650970       8.76514765E-04
   8.87941197E-03   9.70208263       8.76514765E-04
   8.87941197E-03   9.79909897       8.76514765E-04
   8.87941197E-03   9.87717628       8.76514765E-04
   8.87941197E-03   9.93600464       8.76514765E-04
   8.87941197E-03   9.97535324       8.76514765E-04
   8.87941197E-03   9.99506664       8.76514765E-04
   2.10853554E-02   4.93317889E-03   2.04866123E-03
   2.10853554E-02   2.46464256E-02   2.04866123E-03
   2.10853554E-02   6.39951229E-02   2.04866123E-03
   2.10853554E-02  0.122823969       2.04866123E-03
   2.10853554E-02  0.200900808       2.04866123E-03
   2.10853554E-02  0.297917485       2.04866123E-03
   2.10853554E-02  0.413491160       2.04866123E-03
   2.10853554E-02  0.547165692       2.04866123E-03
   2.10853554E-02  0.698413491       2.04866123E-03
   2.10853554E-02  0.866637707       2.04866123E-03
   2.10853554E-02   1.05117440       2.04866123E-03
   2.10853554E-02   1.25129533       2.04866123E-03
   2.10853554E-02   1.46621060       2.04866123E-03
   2.10853554E-02   1.69507217       2.04866123E-03
   2.10853554E-02   1.93697691       2.04866123E-03
   2.10853554E-02   2.19096994       2.04866123E-03
   2.10853554E-02   2.45604897       2.04866123E-03
   2.10853554E-02   2.73116755       2.04866123E-03
   2.10853554E-02   3.01524043       2.04866123E-03
   2.10853554E-02   3.30714607       2.04866123E-03
   2.10853554E-02   3.60573292       2.04866123E-03
   2.10853554E-02   3.90982199       2.04866123E-03
   2.10853554E-02   4.21821404       2.04866123E-03
   2.10853554E-02   4.52969074       2.04866123E-03
   2.10853554E-02   4.84302378       2.04866123E-03
   2.10853554E-02   5.15697622       2.04866123E-03
   2.10853554E-02   5.47030926       2.04866123E-03
   2.10853554E-02   5.78178596       2.04866123E-03
   2.10853554E-02   6.09017754       2.04866123E-03
   2.10853554E-02   6.39426708       2.04866123E-03
   2.10853554E-02   6.69285393       2.04866123E-03
   2.10853554E-02   6.98475933       2.04866123E-03
   2.10853554E-02   7.26883221       2.04866123E-03
   2.10853554E-02   7.54395103       2.04866123E-03
   2.10853554E-02   7.80903006       2.04866123E-03
   2.10853554E-02   8.06302261       2.04866123E-03
   2.10853554E-02   8.30492783       2.04866123E-03
   2.10853554E-02   8.53378868       2.04866123E-03
   2.10853554E-02   8.74870491       2.04866123E-03
   2.10853554E-02   8.94882584       2.04866123E-03
   2.10853554E-02   9.13336182       2.04866123E-03
   2.10853554E-02   9.30158615       2.04866123E-03
   2.10853554E-02   9.45283508       2.04866123E-03
   2.10853554E-02   9.58650970       2.04866123E-03
   2.10853554E-02   9.70208263       2.04866123E-03
   2.10853554E-02   9.79909897       2.04866123E-03
   2.10853554E-02   9.87717628       2.04866123E-03
   2.10853554E-02   9.93600464       2.04866123E-03
   2.10853554E-02   9.97535324       2.04866123E-03
   2.10853554E-02   9.99506664       2.04866123E-03
   3.85383889E-02   4.93317889E-03   3.65994335E-03
   3.85383889E-02   2.46464256E-02   3.65994335E-03
   3.85383889E-02   6.39951229E-02   3.65994335E-03
   3.85383889E-02  0.122823969       3.65994335E-03
   3.85383889E-02  0.200900808       3.65994335E-03
   3.85383889E-02  0.297917485       3.65994335E-03
   3.85383889E-02  0.413491160       3.65994335E-03
   3.85383889E-02  0.547165692       3.65994335E-03
   3.85383889E-02  0.698413491       3.65994335E-03
   3.85383889E-02  0.866637707       3.65994335E-03
   3.85383889E-02   1.05117440       3.65994335E-03
   3.85383889E-02   1.25129533       3.65994335E-03
   3.85383889E-02   1.46621060       3.65994335E-03
   3.85383889E-02   1.69507217       3.65994335E-03
   3.85383889E-02   1.93697691       3.65994335E-03
   3.85383889E-02   2.19096994       3.65994335E-03
   3.85383889E-02   2.45604897       3.65994335E-03
   3.85383889E-02   2.73116755       3.65994335E-03
   3.85383889E-02   3.01524043       3.65994335E-03
   3.85383889E-02   3.30714607       3.65994335E-03
   3.85383889E-02   3.60573292       3.65994335E-03
   3.85383889E-02   3.90982199       3.65994335E-03
   3.85383889E-02   4.21821404       3.65994335E-03
   3.85383889E-02   4.52969074       3.65994335E-03
   3.85383889E-02   4.84302378       3.65994335E-03
   3.85383889E-02   5.15697622       3.65994335E-03
   3.85383889E-02   5.47030926       3.65994335E-03
   3.85383889E-02   5.78178596       3.65994335E-03
   3.85383889E-02   6.09017754       3.65994335E-03
   3.85383889E-02   6.39426708       3.65994335E-03
   3.85383889E-02   6.69285393       3.65994335E-03
   3.85383889E-02   6.98475933       3.65994335E-03
   3.85383889E-02   7.26883221       3.65994335E-03
   3.85383889E-02   7.54395103       3.65994335E-03
   3.85383889E-02   7.80903006       3.65994335E-03
   3.85383889E-02   8.06302261       3.65994335E-03
   3.85383889E-02   8.30492783       3.65994335E-03
   3.85383889E-02   8.53378868       3.65994335E-03
   3.85383889E-02   8.74870491       3.65994335E-03
   3.85383889E-02   8.94882584       3.65994335E-03
   3.85383889E-02   9.13336182       3.65994335E-03
   3.85383889E-02   9.30158615       3.65994335E-03
   3.85383889E-02   9.45283508       3.65994335E-03
   3.85383889E-02   9.58650970       3.65994335E-03
   3.85383889E-02   9.70208263       3.65994335E-03
   3.85383889E-02   9.79909897       3.65994335E-03
   3.85383889E-02   9.87717628       3.65994335E-03
   3.85383889E-02   9.93600464       3.65994335E-03
   3.85383889E-02   9.97535324       3.65994335E-03
   3.85383889E-02   9.99506664       3.65994335E-03
   6.10472932E-02   4.93317889E-03   5.62565122E-03
   6.10472932E-02   2.46464256E-02   5.62565122E-03
   6.10472932E-02   6.39951229E-02   5.62565122E-03
   6.10472932E-02  0.122823969       5.62565122E-03
   6.10472932E-02  0.200900808       5.62565122E-03
   6.10472932E-02  0.297917485       5.62565122E-03
   6.10472932E-02  0.413491160       5.62565122E-03
   6.10472932E-02  0.547165692       5.62565122E-03
   6.10472932E-02  0.698413491       5.62565122E-03
   6.10472932E-02  0.866637707       5.62565122E-03
   6.10472932E-02   1.05117440       5.62565122E-03
   6.10472932E-02   1.25129533       5.62565122E-03
   6.10472932E-02   1.46621060       5.62565122E-03
   6.10472932E-02   1.69507217       5.62565122E-03
   6.10472932E-02   1.93697691       5.62565122E-03
   6.10472932E-02   2.19096994       5.62565122E-03
   6.10472932E-02   2.45604897       5.62565122E-03
   6.10472932E-02   2.73116755       5.62565122E-03
   6.10472932E-02   3.01524043       5.62565122E-03
   6.10472932E-02   3.30714607       5.62565122E-03
   6.10472932E-02   3.60573292       5.62565122E-03
   6.10472932E-02   3.90982199       5.62565122E-03
   6.10472932E-02   4.21821404       5.62565122E-03
   6.10472932E-02   4.52969074       5.62565122E-03
   6.10472932E-02   4.84302378       5.62565122E-03
   6.10472932E-02   5.15697622       5.62565122E-03
   6.10472932E-02   5.47030926       5.62565122E-03
   6.10472932E-02   5.78178596       5.62565122E-03
   6.10472932E-02   6.09017754       5.62565122E-03
   6.10472932E-02   6.39426708       5.62565122E-03
   6.10472932E-02   6.69285393       5.62565122E-03
   6.10472932E-02   6.98475933       5.62565122E-03
   6.10472932E-02   7.26883221       5.62565122E-03
   6.10472932E-02   7.54395103       5.62565122E-03
   6.10472932E-02   7.80903006       5.62565122E-03
   6.10472932E-02   8.06302261       5.62565122E-03
   6.10472932E-02   8.30492783       5.62565122E-03
   6.10472932E-02   8.53378868       5.62565122E-03
   6.10472932E-02   8.74870491       5.62565122E-03
   6.10472932E-02   8.94882584       5.62565122E-03
   6.10472932E-02   9.13336182       5.62565122E-03
   6.10472932E-02   9.30158615       5.62565122E-03
   6.10472932E-02   9.45283508       5.62565122E-03
   6.10472932E-02   9.58650970       5.62565122E-03
   6.10472932E-02   9.70208263       5.62565122E-03
   6.10472932E-02   9.79909897       5.62565122E-03
   6.10472932E-02   9.87717628       5.62565122E-03
   6.10472932E-02   9.93600464       5.62565122E-03
   6.10472932E-02   9.97535324       5.62565122E-03
   6.10472932E-02   9.99506664       5.62565122E-03
   8.83654505E-02   4.93317889E-03   7.84144551E-03
   8.83654505E-02   2.46464256E-02   7.84144551E-03
   8.83654505E-02   6.39951229E-02   7.84144551E-03
   8.83654505E-02  0.122823969       7.84144551E-03
   8.83654505E-02  0.200900808       7.84144551E-03
   8.83654505E-02  0.297917485       7.84144551E-03
   8.83654505E-02  0.413491160       7.84144551E-03
   8.83654505E-02  0.547165692       7.84144551E-03
   8.83654505E-02  0.698413491       7.84144551E-03
   8.83654505E-02  0.866637707       7.84144551E-03
   8.83654505E-02   1.05117440       7.84144551E-03
   8.83654505E-02   1.25129533       7.84144551E-03
   8.83654505E-02   1.46621060       7.84144551E-03
   8.83654505E-02   1.69507217       7.84144551E-03
   8.83654505E-02   1.93697691       7.84144551E-03
   8.83654505E-02   2.19096994       7.84144551E-03
   8.83654505E-02   2.45604897       7.84144551E-03
   8.83654505E-02   2.73116755       7.84144551E-03
   8.83654505E-02   3.01524043       7.84144551E-03
   8.83654505E-02   3.30714607       7.84144551E-03
   8.83654505E-02   3.60573292       7.84144551E-03
   8.83654505E-02   3.90982199       7.84144551E-03
   8.83654505E-02   4.21821404       7.84144551E-03
   8.83654505E-02   4.52969074       7.84144551E-03
   8.83654505E-02   4.84302378       7.84144551E-03
   8.83654505E-02   5.15697622       7.84144551E-03
   8.83654505E-02   5.47030926       7.84144551E-03
   8.83654505E-02   5.78178596       7.84144551E-03
   8.83654505E-02   6.09017754       7.84144551E-03
   8.83654505E-02   6.39426708       7.84144551E-03
   8.83654505E-02   6.69285393       7.84144551E-03
   8.83654505E-02   6.98475933       7.84144551E-03
   8.83654505E-02   7.26883221       7.84144551E-03
   8.83654505E-02   7.54395103       7.84144551E-03
   8.83654505E-02   7.80903006       7.84144551E-03
   8.83654505E-02   8.06302261       7.84144551E-03
   8.83654505E-02   8.30492783       7.84144551E-03
   8.83654505E-02   8.53378868       7.84144551E-03
   8.83654505E-02   8.74870491       7.84144551E-03
   8.83654505E-02   8.94882584       7.84144551E-03
   8.83654505E-02   9.13336182       7.84144551E-03
   8.83654505E-02   9.30158615       7.84144551E-03
   8.83654505E-02   9.45283508       7.84144551E-03
   8.83654505E-02   9.58650970       7.84144551E-03
   8.83654505E-02   9.70208263       7.84144551E-03
   8.83654505E-02   9.79909897       7.84144551E-03
   8.83654505E-02   9.87717628       7.84144551E-03
   8.83654505E-02   9.93600464       7.84144551E-03
   8.83654505E-02   9.97535324       7.84144551E-03
   8.83654505E-02   9.99506664       7.84144551E-03
  0.120193563       4.93317889E-03   1.01881204E-02
  0.120193563       2.46464256E-02   1.01881204E-02
  0.120193563       6.39951229E-02   1.01881204E-02
  0.120193563      0.122823969       1.01881204E-02
  0.120193563      0.200900808       1.01881204E-02
  0.120193563      0.297917485       1.01881204E-02
  0.120193563      0.413491160       1.01881204E-02
  0.120193563      0.547165692       1.01881204E-02
  0.120193563      0.698413491       1.01881204E-02
  0.120193563      0.866637707       1.01881204E-02
  0.120193563       1.05117440       1.01881204E-02
  0.120193563       1.25129533       1.01881204E-02
  0.120193563       1.46621060       1.01881204E-02
  0.120193563       1.69507217       1.01881204E-02
  0.120193563       1.93697691       1.01881204E-02
  0.120193563       2.19096994       1.01881204E-02
  0.120193563       2.45604897       1.01881204E-02
  0.120193563       2.73116755       1.01881204E-02
  0.120193563       3.01524043       1.01881204E-02
  0.120193563       3.30714607       1.01881204E-02
  0.120193563       3.60573292       1.01881204E-02
  0.120193563       3.90982199       1.01881204E-02
  0.120193563       4.21821404       1.01881204E-02
  0.120193563       4.52969074       1.01881204E-02
  0.120193563       4.84302378       1.01881204E-02
  0.120193563       5.15697622       1.01881204E-02
  0.120193563       5.47030926       1.01881204E-02
  0.120193563       5.78178596       1.01881204E-02
  0.120193563       6.09017754       1.01881204E-02
  0.120193563       6.39426708       1.01881204E-02
  0.120193563       6.69285393       1.01881204E-02
  0.120193563       6.98475933       1.01881204E-02
  0.120193563       7.26883221       1.01881204E-02
  0.120193563       7.54395103       1.01881204E-02
  0.120193563       7.80903006       1.01881204E-02
  0.120193563       8.06302261       1.01881204E-02
  0.120193563       8.30492783       1.01881204E-02
  0.120193563       8.53378868       1.01881204E-02
  0.120193563       8.74870491       1.01881204E-02
  0.120193563       8.94882584       1.01881204E-02
  0.120193563       9.13336182       1.01881204E-02
  0.120193563       9.30158615       1.01881204E-02
  0.120193563       9.45283508       1.01881204E-02
  0.120193563       9.58650970       1.01881204E-02
  0.120193563       9.70208263       1.01881204E-02
  0.120193563       9.79909897       1.01881204E-02
  0.120193563       9.87717628       1.01881204E-02
  0.120193563       9.93600464       1.01881204E-02
  0.120193563       9.97535324       1.01881204E-02
  0.120193563       9.99506664       1.01881204E-02
  0.156182915       4.93317889E-03   1.25370556E-02
  0.156182915       2.46464256E-02   1.25370556E-02
  0.156182915       6.39951229E-02   1.25370556E-02
  0.156182915      0.122823969       1.25370556E-02
  0.156182915      0.200900808       1.25370556E-02
  0.156182915      0.297917485       1.25370556E-02
  0.156182915      0.413491160       1.25370556E-02
  0.156182915      0.547165692       1.25370556E-02
  0.156182915      0.698413491       1.25370556E-02
  0.156182915      0.866637707       1.25370556E-02
  0.156182915       1.05117440       1.25370556E-02
  0.156182915       1.25129533       1.25370556E-02
  0.156182915       1.46621060       1.25370556E-02
  0.156182915       1.69507217       1.25370556E-02
  0.156182915       1.93697691       1.25370556E-02
  0.156182915       2.19096994       1.25370556E-02
  0.156182915       2.45604897       1.25370556E-02
  0.156182915       2.73116755       1.25370556E-02
  0.156182915       3.01524043       1.25370556E-02
  0.156182915       3.30714607       1.25370556E-02
  0.156182915       3.60573292       1.25370556E-02
  0.156182915       3.90982199       1.25370556E-02
  0.156182915       4.21821404       1.25370556E-02
  0.156182915       4.52969074       1.25370556E-02
  0.156182915       4.84302378       1.25370556E-02
  0.156182915       5.15697622       1.25370556E-02
  0.156182915       5.47030926       1.25370556E-02
  0.156182915       5.78178596       1.25370556E-02
  0.156182915       6.09017754       1.25370556E-02
  0.156182915       6.39426708       1.25370556E-02
  0.156182915       6.69285393       1.25370556E-02
  0.156182915       6.98475933       1.25370556E-02
  0.156182915       7.26883221       1.25370556E-02
  0.156182915       7.54395103       1.25370556E-02
  0.156182915       7.80903006       1.25370556E-02
  0.156182915       8.06302261       1.25370556E-02
  0.156182915       8.30492783       1.25370556E-02
  0.156182915       8.53378868       1.25370556E-02
  0.156182915       8.74870491       1.25370556E-02
  0.156182915       8.94882584       1.25370556E-02
  0.156182915       9.13336182       1.25370556E-02
  0.156182915       9.30158615       1.25370556E-02
  0.156182915       9.45283508       1.25370556E-02
  0.156182915       9.58650970       1.25370556E-02
  0.156182915       9.70208263       1.25370556E-02
  0.156182915       9.79909897       1.25370556E-02
  0.156182915       9.87717628       1.25370556E-02
  0.156182915       9.93600464       1.25370556E-02
  0.156182915       9.97535324       1.25370556E-02
  0.156182915       9.99506664       1.25370556E-02
  0.195939213       4.93317889E-03   1.47561273E-02
  0.195939213       2.46464256E-02   1.47561273E-02
  0.195939213       6.39951229E-02   1.47561273E-02
  0.195939213      0.122823969       1.47561273E-02
  0.195939213      0.200900808       1.47561273E-02
  0.195939213      0.297917485       1.47561273E-02
  0.195939213      0.413491160       1.47561273E-02
  0.195939213      0.547165692       1.47561273E-02
  0.195939213      0.698413491       1.47561273E-02
  0.195939213      0.866637707       1.47561273E-02
  0.195939213       1.05117440       1.47561273E-02
  0.195939213       1.25129533       1.47561273E-02
  0.195939213       1.46621060       1.47561273E-02
  0.195939213       1.69507217       1.47561273E-02
  0.195939213       1.93697691       1.47561273E-02
  0.195939213       2.19096994       1.47561273E-02
  0.195939213       2.45604897       1.47561273E-02
  0.195939213       2.73116755       1.47561273E-02
  0.195939213       3.01524043       1.47561273E-02
  0.195939213       3.30714607       1.47561273E-02
  0.195939213       3.60573292       1.47561273E-02
  0.195939213       3.90982199       1.47561273E-02
  0.195939213       4.21821404       1.47561273E-02
  0.195939213       4.52969074       1.47561273E-02
  0.195939213       4.84302378       1.47561273E-02
  0.195939213       5.15697622       1.47561273E-02
  0.195939213       5.47030926       1.47561273E-02
  0.195939213       5.78178596       1.47561273E-02
  0.195939213       6.09017754       1.47561273E-02
  0.195939213       6.39426708       1.47561273E-02
  0.195939213       6.69285393       1.47561273E-02
  0.195939213       6.98475933       1.47561273E-02
  0.195939213       7.26883221       1.47561273E-02
  0.195939213       7.54395103       1.47561273E-02
  0.195939213       7.80903006       1.47561273E-02
  0.195939213       8.06302261       1.47561273E-02
  0.195939213       8.30492783       1.47561273E-02
  0.195939213       8.53378868       1.47561273E-02
  0.195939213       8.74870491       1.47561273E-02
  0.195939213       8.94882584       1.47561273E-02
  0.195939213       9.13336182       1.47561273E-02
  0.195939213       9.30158615       1.47561273E-02
  0.195939213       9.45283508       1.47561273E-02
  0.195939213       9.58650970       1.47561273E-02
  0.195939213       9.70208263       1.47561273E-02
  0.195939213       9.79909897       1.47561273E-02
  0.195939213       9.87717628       1.47561273E-02
  0.195939213       9.93600464       1.47561273E-02
  0.195939213       9.97535324       1.47561273E-02
  0.195939213       9.99506664       1.47561273E-02
  0.239026845       4.93317889E-03   1.67158023E-02
  0.239026845       2.46464256E-02   1.67158023E-02
  0.239026845       6.39951229E-02   1.67158023E-02
  0.239026845      0.122823969       1.67158023E-02
  0.239026845      0.200900808       1.67158023E-02
  0.239026845      0.297917485       1.67158023E-02
  0.239026845      0.413491160       1.67158023E-02
  0.239026845      0.547165692       1.67158023E-02
  0.239026845      0.698413491       1.67158023E-02
  0.239026845      0.866637707       1.67158023E-02
  0.239026845       1.05117440       1.67158023E-02
  0.239026845       1.25129533       1.67158023E-02
  0.239026845       1.46621060       1.67158023E-02
  0.239026845       1.69507217       1.67158023E-02
  0.239026845       1.93697691       1.67158023E-02
  0.239026845       2.19096994       1.67158023E-02
  0.239026845       2.45604897       1.67158023E-02
  0.239026845       2.73116755       1.67158023E-02
  0.239026845       3.01524043       1.67158023E-02
  0.239026845       3.30714607       1.67158023E-02
  0.239026845       3.60573292       1.67158023E-02
  0.239026845       3.90982199       1.67158023E-02
  0.239026845       4.21821404       1.67158023E-02
  0.239026845       4.52969074       1.67158023E-02
  0.239026845       4.84302378       1.67158023E-02
  0.239026845       5.15697622       1.67158023E-02
  0.239026845       5.47030926       1.67158023E-02
  0.239026845       5.78178596       1.67158023E-02
  0.239026845       6.09017754       1.67158023E-02
  0.239026845       6.39426708       1.67158023E-02
  0.239026845       6.69285393       1.67158023E-02
  0.239026845       6.98475933       1.67158023E-02
  0.239026845       7.26883221       1.67158023E-02
  0.239026845       7.54395103       1.67158023E-02
  0.239026845       7.80903006       1.67158023E-02
  0.239026845       8.06302261       1.67158023E-02
  0.239026845       8.30492783       1.67158023E-02
  0.239026845       8.53378868       1.67158023E-02
  0.239026845       8.74870491       1.67158023E-02
  0.239026845       8.94882584       1.67158023E-02
  0.239026845       9.13336182       1.67158023E-02
  0.239026845       9.30158615       1.67158023E-02
  0.239026845       9.45283508       1.67158023E-02
  0.239026845       9.58650970       1.67158023E-02
  0.239026845       9.70208263       1.67158023E-02
  0.239026845       9.79909897       1.67158023E-02
  0.239026845       9.87717628       1.67158023E-02
  0.239026845       9.93600464       1.67158023E-02
  0.239026845       9.97535324       1.67158023E-02
  0.239026845       9.99506664       1.67158023E-02
  0.284973741       4.93317889E-03   1.82951540E-02
  0.284973741       2.46464256E-02   1.82951540E-02
  0.284973741       6.39951229E-02   1.82951540E-02
  0.284973741      0.122823969       1.82951540E-02
  0.284973741      0.200900808       1.82951540E-02
  0.284973741      0.297917485       1.82951540E-02
  0.284973741      0.413491160       1.82951540E-02
  0.284973741      0.547165692       1.82951540E-02
  0.284973741      0.698413491       1.82951540E-02
  0.284973741      0.866637707       1.82951540E-02
  0.284973741       1.05117440       1.82951540E-02
  0.284973741       1.25129533       1.82951540E-02
  0.284973741       1.46621060       1.82951540E-02
  0.284973741       1.69507217       1.82951540E-02
  0.284973741       1.93697691       1.82951540E-02
  0.284973741       2.19096994       1.82951540E-02
  0.284973741       2.45604897       1.82951540E-02
  0.284973741       2.73116755       1.82951540E-02
  0.284973741       3.01524043       1.82951540E-02
  0.284973741       3.30714607       1.82951540E-02
  0.284973741       3.60573292       1.82951540E-02
  0.284973741       3.90982199       1.82951540E-02
  0.284973741       4.21821404       1.82951540E-02
  0.284973741       4.52969074       1.82951540E-02
  0.284973741       4.84302378       1.82951540E-02
  0.284973741       5.15697622       1.82951540E-02
  0.284973741       5.47030926       1.82951540E-02
  0.284973741       5.78178596       1.82951540E-02
  0.284973741       6.09017754       1.82951540E-02
  0.284973741       6.39426708       1.82951540E-02
  0.284973741       6.69285393       1.82951540E-02
  0.284973741       6.98475933       1.82951540E-02
  0.284973741       7.26883221       1.82951540E-02
  0.284973741       7.54395103       1.82951540E-02
  0.284973741       7.80903006       1.82951540E-02
  0.284973741       8.06302261       1.82951540E-02
  0.284973741       8.30492783       1.82951540E-02
  0.284973741       8.53378868       1.82951540E-02
  0.284973741       8.74870491       1.82951540E-02
  0.284973741       8.94882584       1.82951540E-02
  0.284973741       9.13336182       1.82951540E-02
  0.284973741       9.30158615       1.82951540E-02
  0.284973741       9.45283508       1.82951540E-02
  0.284973741       9.58650970       1.82951540E-02
  0.284973741       9.70208263       1.82951540E-02
  0.284973741       9.79909897       1.82951540E-02
  0.284973741       9.87717628       1.82951540E-02
  0.284973741       9.93600464       1.82951540E-02
  0.284973741       9.97535324       1.82951540E-02
  0.284973741       9.99506664       1.82951540E-02
  0.333276540       4.93317889E-03   1.93875451E-02
  0.333276540       2.46464256E-02   1.93875451E-02
  0.333276540       6.39951229E-02   1.93875451E-02
  0.333276540      0.122823969       1.93875451E-02
  0.333276540      0.200900808       1.93875451E-02
  0.333276540      0.297917485       1.93875451E-02
  0.333276540      0.413491160       1.93875451E-02
  0.333276540      0.547165692       1.93875451E-02
  0.333276540      0.698413491       1.93875451E-02
  0.333276540      0.866637707       1.93875451E-02
  0.333276540       1.05117440       1.93875451E-02
  0.333276540       1.25129533       1.93875451E-02
  0.333276540       1.46621060       1.93875451E-02
  0.333276540       1.69507217       1.93875451E-02
  0.333276540       1.93697691       1.93875451E-02
  0.333276540       2.19096994       1.93875451E-02
  0.333276540       2.45604897       1.93875451E-02
  0.333276540       2.73116755       1.93875451E-02
  0.333276540       3.01524043       1.93875451E-02
  0.333276540       3.30714607       1.93875451E-02
  0.333276540       3.60573292       1.93875451E-02
  0.333276540       3.90982199       1.93875451E-02
  0.333276540       4.21821404       1.93875451E-02
  0.333276540       4.52969074       1.93875451E-02
  0.333276540       4.84302378       1.93875451E-02
  0.333276540       5.15697622       1.93875451E-02
  0.333276540       5.47030926       1.93875451E-02
  0.333276540       5.78178596       1.93875451E-02
  0.333276540       6.09017754       1.93875451E-02
  0.333276540       6.39426708       1.93875451E-02
  0.333276540       6.69285393       1.93875451E-02
  0.333276540       6.98475933       1.93875451E-02
  0.333276540       7.26883221       1.93875451E-02
  0.333276540       7.54395103       1.93875451E-02
  0.333276540       7.80903006       1.93875451E-02
  0.333276540       8.06302261       1.93875451E-02
  0.333276540       8.30492783       1.93875451E-02
  0.333276540       8.53378868       1.93875451E-02
  0.333276540       8.74870491       1.93875451E-02
  0.333276540       8.94882584       1.93875451E-02
  0.333276540       9.13336182       1.93875451E-02
  0.333276540       9.30158615       1.93875451E-02
  0.333276540       9.45283508       1.93875451E-02
  0.333276540       9.58650970       1.93875451E-02
  0.333276540       9.70208263       1.93875451E-02
  0.333276540       9.79909897       1.93875451E-02
  0.333276540       9.87717628       1.93875451E-02
  0.333276540       9.93600464       1.93875451E-02
  0.333276540       9.97535324       1.93875451E-02
  0.333276540       9.99506664       1.93875451E-02
  0.383405983       4.93317889E-03   1.99056827E-02
  0.383405983       2.46464256E-02   1.99056827E-02
  0.383405983       6.39951229E-02   1.99056827E-02
  0.383405983      0.122823969       1.99056827E-02
  0.383405983      0.200900808       1.99056827E-02
  0.383405983      0.297917485       1.99056827E-02
  0.383405983      0.413491160       1.99056827E-02
  0.383405983      0.547165692       1.99056827E-02
  0.383405983      0.698413491       1.99056827E-02
  0.383405983      0.866637707       1.99056827E-02
  0.383405983       1.05117440       1.99056827E-02
  0.383405983       1.25129533       1.99056827E-02
  0.383405983       1.46621060       1.99056827E-02
  0.383405983       1.69507217       1.99056827E-02
  0.383405983       1.93697691       1.99056827E-02
  0.383405983       2.19096994       1.99056827E-02
  0.383405983       2.45604897       1.99056827E-02
  0.383405983       2.73116755       1.99056827E-02
  0.383405983       3.01524043       1.99056827E-02
  0.383405983       3.30714607       1.99056827E-02
  0.383405983       3.60573292       1.99056827E-02
  0.383405983       3.90982199       1.99056827E-02
  0.383405983       4.21821404       1.99056827E-02
  0.383405983       4.52969074       1.99056827E-02
  0.383405983       4.84302378       1.99056827E-02
  0.383405983       5.15697622       1.99056827E-02
  0.383405983       5.47030926       1.99056827E-02
  0.383405983       5.78178596       1.99056827E-02
  0.383405983       6.09017754       1.99056827E-02
  0.383405983       6.39426708       1.99056827E-02
  0.383405983       6.69285393       1.99056827E-02
  0.383405983       6.98475933       1.99056827E-02
  0.383405983       7.26883221       1.99056827E-02
  0.383405983       7.54395103       1.99056827E-02
  0.383405983       7.80903006       1.99056827E-02
  0.383405983       8.06302261       1.99056827E-02
  0.383405983       8.30492783       1.99056827E-02
  0.383405983       8.53378868       1.99056827E-02
  0.383405983       8.74870491       1.99056827E-02
  0.383405983       8.94882584       1.99056827E-02
  0.383405983       9.13336182       1.99056827E-02
  0.383405983       9.30158615       1.99056827E-02
  0.383405983       9.45283508       1.99056827E-02
  0.383405983       9.58650970       1.99056827E-02
  0.383405983       9.70208263       1.99056827E-02
  0.383405983       9.79909897       1.99056827E-02
  0.383405983       9.87717628       1.99056827E-02
  0.383405983       9.93600464       1.99056827E-02
  0.383405983       9.97535324       1.99056827E-02
  0.383405983       9.99506664       1.99056827E-02
  0.434812844       4.93317889E-03   1.99045651E-02
  0.434812844       2.46464256E-02   1.99045651E-02
  0.434812844       6.39951229E-02   1.99045651E-02
  0.434812844      0.122823969       1.99045651E-02
  0.434812844      0.200900808       1.99045651E-02
  0.434812844      0.297917485       1.99045651E-02
  0.434812844      0.413491160       1.99045651E-02
  0.434812844      0.547165692       1.99045651E-02
  0.434812844      0.698413491       1.99045651E-02
  0.434812844      0.866637707       1.99045651E-02
  0.434812844       1.05117440       1.99045651E-02
  0.434812844       1.25129533       1.99045651E-02
  0.434812844       1.46621060       1.99045651E-02
  0.434812844       1.69507217       1.99045651E-02
  0.434812844       1.93697691       1.99045651E-02
  0.434812844       2.19096994       1.99045651E-02
  0.434812844       2.45604897       1.99045651E-02
  0.434812844       2.73116755       1.99045651E-02
  0.434812844       3.01524043       1.99045651E-02
  0.434812844       3.30714607       1.99045651E-02
  0.434812844       3.60573292       1.99045651E-02
  0.434812844       3.90982199       1.99045651E-02
  0.434812844       4.21821404       1.99045651E-02
  0.434812844       4.52969074       1.99045651E-02
  0.434812844       4.84302378       1.99045651E-02
  0.434812844       5.15697622       1.99045651E-02
  0.434812844       5.47030926       1.99045651E-02
  0.434812844       5.78178596       1.99045651E-02
  0.434812844       6.09017754       1.99045651E-02
  0.434812844       6.39426708       1.99045651E-02
  0.434812844       6.69285393       1.99045651E-02
  0.434812844       6.98475933       1.99045651E-02
  0.434812844       7.26883221       1.99045651E-02
  0.434812844       7.54395103       1.99045651E-02
  0.434812844       7.80903006       1.99045651E-02
  0.434812844       8.06302261       1.99045651E-02
  0.434812844       8.30492783       1.99045651E-02
  0.434812844       8.53378868       1.99045651E-02
  0.434812844       8.74870491       1.99045651E-02
  0.434812844       8.94882584       1.99045651E-02
  0.434812844       9.13336182       1.99045651E-02
  0.434812844       9.30158615       1.99045651E-02
  0.434812844       9.45283508       1.99045651E-02
  0.434812844       9.58650970       1.99045651E-02
  0.434812844       9.70208263       1.99045651E-02
  0.434812844       9.79909897       1.99045651E-02
  0.434812844       9.87717628       1.99045651E-02
  0.434812844       9.93600464       1.99045651E-02
  0.434812844       9.97535324       1.99045651E-02
  0.434812844       9.99506664       1.99045651E-02
  0.486933947       4.93317889E-03   1.95516851E-02
  0.486933947       2.46464256E-02   1.95516851E-02
  0.486933947       6.39951229E-02   1.95516851E-02
  0.486933947      0.122823969       1.95516851E-02
  0.486933947      0.200900808       1.95516851E-02
  0.486933947      0.297917485       1.95516851E-02
  0.486933947      0.413491160       1.95516851E-02
  0.486933947      0.547165692       1.95516851E-02
  0.486933947      0.698413491       1.95516851E-02
  0.486933947      0.866637707       1.95516851E-02
  0.486933947       1.05117440       1.95516851E-02
  0.486933947       1.25129533       1.95516851E-02
  0.486933947       1.46621060       1.95516851E-02
  0.486933947       1.69507217       1.95516851E-02
  0.486933947       1.93697691       1.95516851E-02
  0.486933947       2.19096994       1.95516851E-02
  0.486933947       2.45604897       1.95516851E-02
  0.486933947       2.73116755       1.95516851E-02
  0.486933947       3.01524043       1.95516851E-02
  0.486933947       3.30714607       1.95516851E-02
  0.486933947       3.60573292       1.95516851E-02
  0.486933947       3.90982199       1.95516851E-02
  0.486933947       4.21821404       1.95516851E-02
  0.486933947       4.52969074       1.95516851E-02
  0.486933947       4.84302378       1.95516851E-02
  0.486933947       5.15697622       1.95516851E-02
  0.486933947       5.47030926       1.95516851E-02
  0.486933947       5.78178596       1.95516851E-02
  0.486933947       6.09017754       1.95516851E-02
  0.486933947       6.39426708       1.95516851E-02
  0.486933947       6.69285393       1.95516851E-02
  0.486933947       6.98475933       1.95516851E-02
  0.486933947       7.26883221       1.95516851E-02
  0.486933947       7.54395103       1.95516851E-02
  0.486933947       7.80903006       1.95516851E-02
  0.486933947       8.06302261       1.95516851E-02
  0.486933947       8.30492783       1.95516851E-02
  0.486933947       8.53378868       1.95516851E-02
  0.486933947       8.74870491       1.95516851E-02
  0.486933947       8.94882584       1.95516851E-02
  0.486933947       9.13336182       1.95516851E-02
  0.486933947       9.30158615       1.95516851E-02
  0.486933947       9.45283508       1.95516851E-02
  0.486933947       9.58650970       1.95516851E-02
  0.486933947       9.70208263       1.95516851E-02
  0.486933947       9.79909897       1.95516851E-02
  0.486933947       9.87717628       1.95516851E-02
  0.486933947       9.93600464       1.95516851E-02
  0.486933947       9.97535324       1.95516851E-02
  0.486933947       9.99506664       1.95516851E-02
  0.539198160       4.93317889E-03   1.88950952E-02
  0.539198160       2.46464256E-02   1.88950952E-02
  0.539198160       6.39951229E-02   1.88950952E-02
  0.539198160      0.122823969       1.88950952E-02
  0.539198160      0.200900808       1.88950952E-02
  0.539198160      0.297917485       1.88950952E-02
  0.539198160      0.413491160       1.88950952E-02
  0.539198160      0.547165692       1.88950952E-02
  0.539198160      0.698413491       1.88950952E-02
  0.539198160      0.866637707       1.88950952E-02
  0.539198160       1.05117440       1.88950952E-02
  0.539198160       1.25129533       1.88950952E-02
  0.539198160       1.46621060       1.88950952E-02
  0.539198160       1.69507217       1.88950952E-02
  0.539198160       1.93697691       1.88950952E-02
  0.539198160       2.19096994       1.88950952E-02
  0.539198160       2.45604897       1.88950952E-02
  0.539198160       2.73116755       1.88950952E-02
  0.539198160       3.01524043       1.88950952E-02
  0.539198160       3.30714607       1.88950952E-02
  0.539198160       3.60573292       1.88950952E-02
  0.539198160       3.90982199       1.88950952E-02
  0.539198160       4.21821404       1.88950952E-02
  0.539198160       4.52969074       1.88950952E-02
  0.539198160       4.84302378       1.88950952E-02
  0.539198160       5.15697622       1.88950952E-02
  0.539198160       5.47030926       1.88950952E-02
  0.539198160       5.78178596       1.88950952E-02
  0.539198160       6.09017754       1.88950952E-02
  0.539198160       6.39426708       1.88950952E-02
  0.539198160       6.69285393       1.88950952E-02
  0.539198160       6.98475933       1.88950952E-02
  0.539198160       7.26883221       1.88950952E-02
  0.539198160       7.54395103       1.88950952E-02
  0.539198160       7.80903006       1.88950952E-02
  0.539198160       8.06302261       1.88950952E-02
  0.539198160       8.30492783       1.88950952E-02
  0.539198160       8.53378868       1.88950952E-02
  0.539198160       8.74870491       1.88950952E-02
  0.539198160       8.94882584       1.88950952E-02
  0.539198160       9.13336182       1.88950952E-02
  0.539198160       9.30158615       1.88950952E-02
  0.539198160       9.45283508       1.88950952E-02
  0.539198160       9.58650970       1.88950952E-02
  0.539198160       9.70208263       1.88950952E-02
  0.539198160       9.79909897       1.88950952E-02
  0.539198160       9.87717628       1.88950952E-02
  0.539198160       9.93600464       1.88950952E-02
  0.539198160       9.97535324       1.88950952E-02
  0.539198160       9.99506664       1.88950952E-02
  0.591032982       4.93317889E-03   1.79447439E-02
  0.591032982       2.46464256E-02   1.79447439E-02
  0.591032982       6.39951229E-02   1.79447439E-02
  0.591032982      0.122823969       1.79447439E-02
  0.591032982      0.200900808       1.79447439E-02
  0.591032982      0.297917485       1.79447439E-02
  0.591032982      0.413491160       1.79447439E-02
  0.591032982      0.547165692       1.79447439E-02
  0.591032982      0.698413491       1.79447439E-02
  0.591032982      0.866637707       1.79447439E-02
  0.591032982       1.05117440       1.79447439E-02
  0.591032982       1.25129533       1.79447439E-02
  0.591032982       1.46621060       1.79447439E-02
  0.591032982       1.69507217       1.79447439E-02
  0.591032982       1.93697691       1.79447439E-02
  0.591032982       2.19096994       1.79447439E-02
  0.591032982       2.45604897       1.79447439E-02
  0.591032982       2.73116755       1.79447439E-02
  0.591032982       3.01524043       1.79447439E-02
  0.591032982       3.30714607       1.79447439E-02
  0.591032982       3.60573292       1.79447439E-02
  0.591032982       3.90982199       1.79447439E-02
  0.591032982       4.21821404       1.79447439E-02
  0.591032982       4.52969074       1.79447439E-02
  0.591032982       4.84302378       1.79447439E-02
  0.591032982       5.15697622       1.79447439E-02
  0.591032982       5.47030926       1.79447439E-02
  0.591032982       5.78178596       1.79447439E-02
  0.591032982       6.09017754       1.79447439E-02
  0.591032982       6.39426708       1.79447439E-02
  0.591032982       6.69285393       1.79447439E-02
  0.591032982       6.98475933       1.79447439E-02
  0.591032982       7.26883221       1.79447439E-02
  0.591032982       7.54395103       1.79447439E-02
  0.591032982       7.80903006       1.79447439E-02
  0.591032982       8.06302261       1.79447439E-02
  0.591032982       8.30492783       1.79447439E-02
  0.591032982       8.53378868       1.79447439E-02
  0.591032982       8.74870491       1.79447439E-02
  0.591032982       8.94882584       1.79447439E-02
  0.591032982       9.13336182       1.79447439E-02
  0.591032982       9.30158615       1.79447439E-02
  0.591032982       9.45283508       1.79447439E-02
  0.591032982       9.58650970       1.79447439E-02
  0.591032982       9.70208263       1.79447439E-02
  0.591032982       9.79909897       1.79447439E-02
  0.591032982       9.87717628       1.79447439E-02
  0.591032982       9.93600464       1.79447439E-02
  0.591032982       9.97535324       1.79447439E-02
  0.591032982       9.99506664       1.79447439E-02
  0.641870320       4.93317889E-03   1.67233087E-02
  0.641870320       2.46464256E-02   1.67233087E-02
  0.641870320       6.39951229E-02   1.67233087E-02
  0.641870320      0.122823969       1.67233087E-02
  0.641870320      0.200900808       1.67233087E-02
  0.641870320      0.297917485       1.67233087E-02
  0.641870320      0.413491160       1.67233087E-02
  0.641870320      0.547165692       1.67233087E-02
  0.641870320      0.698413491       1.67233087E-02
  0.641870320      0.866637707       1.67233087E-02
  0.641870320       1.05117440       1.67233087E-02
  0.641870320       1.25129533       1.67233087E-02
  0.641870320       1.46621060       1.67233087E-02
  0.641870320       1.69507217       1.67233087E-02
  0.641870320       1.93697691       1.67233087E-02
  0.641870320       2.19096994       1.67233087E-02
  0.641870320       2.45604897       1.67233087E-02
  0.641870320       2.73116755       1.67233087E-02
  0.641870320       3.01524043       1.67233087E-02
  0.641870320       3.30714607       1.67233087E-02
  0.641870320       3.60573292       1.67233087E-02
  0.641870320       3.90982199       1.67233087E-02
  0.641870320       4.21821404       1.67233087E-02
  0.641870320       4.52969074       1.67233087E-02
  0.641870320       4.84302378       1.67233087E-02
  0.641870320       5.15697622       1.67233087E-02
  0.641870320       5.47030926       1.67233087E-02
  0.641870320       5.78178596       1.67233087E-02
  0.641870320       6.09017754       1.67233087E-02
  0.641870320       6.39426708       1.67233087E-02
  0.641870320       6.69285393       1.67233087E-02
  0.641870320       6.98475933       1.67233087E-02
  0.641870320       7.26883221       1.67233087E-02
  0.641870320       7.54395103       1.67233087E-02
  0.641870320       7.80903006       1.67233087E-02
  0.641870320       8.06302261       1.67233087E-02
  0.641870320       8.30492783       1.67233087E-02
  0.641870320       8.53378868       1.67233087E-02
  0.641870320       8.74870491       1.67233087E-02
  0.641870320       8.94882584       1.67233087E-02
  0.641870320       9.13336182       1.67233087E-02
  0.641870320       9.30158615       1.67233087E-02
  0.641870320       9.45283508       1.67233087E-02
  0.641870320       9.58650970       1.67233087E-02
  0.641870320       9.70208263       1.67233087E-02
  0.641870320       9.79909897       1.67233087E-02
  0.641870320       9.87717628       1.67233087E-02
  0.641870320       9.93600464       1.67233087E-02
  0.641870320       9.97535324       1.67233087E-02
  0.641870320       9.99506664       1.67233087E-02
  0.691153347       4.93317889E-03   1.52656725E-02
  0.691153347       2.46464256E-02   1.52656725E-02
  0.691153347       6.39951229E-02   1.52656725E-02
  0.691153347      0.122823969       1.52656725E-02
  0.691153347      0.200900808       1.52656725E-02
  0.691153347      0.297917485       1.52656725E-02
  0.691153347      0.413491160       1.52656725E-02
  0.691153347      0.547165692       1.52656725E-02
  0.691153347      0.698413491       1.52656725E-02
  0.691153347      0.866637707       1.52656725E-02
  0.691153347       1.05117440       1.52656725E-02
  0.691153347       1.25129533       1.52656725E-02
  0.691153347       1.46621060       1.52656725E-02
  0.691153347       1.69507217       1.52656725E-02
  0.691153347       1.93697691       1.52656725E-02
  0.691153347       2.19096994       1.52656725E-02
  0.691153347       2.45604897       1.52656725E-02
  0.691153347       2.73116755       1.52656725E-02
  0.691153347       3.01524043       1.52656725E-02
  0.691153347       3.30714607       1.52656725E-02
  0.691153347       3.60573292       1.52656725E-02
  0.691153347       3.90982199       1.52656725E-02
  0.691153347       4.21821404       1.52656725E-02
  0.691153347       4.52969074       1.52656725E-02
  0.691153347       4.84302378       1.52656725E-02
  0.691153347       5.15697622       1.52656725E-02
  0.691153347       5.47030926       1.52656725E-02
  0.691153347       5.78178596       1.52656725E-02
  0.691153347       6.09017754       1.52656725E-02
  0.691153347       6.39426708       1.52656725E-02
  0.691153347       6.69285393       1.52656725E-02
  0.691153347       6.98475933       1.52656725E-02
  0.691153347       7.26883221       1.52656725E-02
  0.691153347       7.54395103       1.52656725E-02
  0.691153347       7.80903006       1.52656725E-02
  0.691153347       8.06302261       1.52656725E-02
  0.691153347       8.30492783       1.52656725E-02
  0.691153347       8.53378868       1.52656725E-02
  0.691153347       8.74870491       1.52656725E-02
  0.691153347       8.94882584       1.52656725E-02
  0.691153347       9.13336182       1.52656725E-02
  0.691153347       9.30158615       1.52656725E-02
  0.691153347       9.45283508       1.52656725E-02
  0.691153347       9.58650970       1.52656725E-02
  0.691153347       9.70208263       1.52656725E-02
  0.691153347       9.79909897       1.52656725E-02
  0.691153347       9.87717628       1.52656725E-02
  0.691153347       9.93600464       1.52656725E-02
  0.691153347       9.97535324       1.52656725E-02
  0.691153347       9.99506664       1.52656725E-02
  0.738342047       4.93317889E-03   1.36176078E-02
  0.738342047       2.46464256E-02   1.36176078E-02
  0.738342047       6.39951229E-02   1.36176078E-02
  0.738342047      0.122823969       1.36176078E-02
  0.738342047      0.200900808       1.36176078E-02
  0.738342047      0.297917485       1.36176078E-02
  0.738342047      0.413491160       1.36176078E-02
  0.738342047      0.547165692       1.36176078E-02
  0.738342047      0.698413491       1.36176078E-02
  0.738342047      0.866637707       1.36176078E-02
  0.738342047       1.05117440       1.36176078E-02
  0.738342047       1.25129533       1.36176078E-02
  0.738342047       1.46621060       1.36176078E-02
  0.738342047       1.69507217       1.36176078E-02
  0.738342047       1.93697691       1.36176078E-02
  0.738342047       2.19096994       1.36176078E-02
  0.738342047       2.45604897       1.36176078E-02
  0.738342047       2.73116755       1.36176078E-02
  0.738342047       3.01524043       1.36176078E-02
  0.738342047       3.30714607       1.36176078E-02
  0.738342047       3.60573292       1.36176078E-02
  0.738342047       3.90982199       1.36176078E-02
  0.738342047       4.21821404       1.36176078E-02
  0.738342047       4.52969074       1.36176078E-02
  0.738342047       4.84302378       1.36176078E-02
  0.738342047       5.15697622       1.36176078E-02
  0.738342047       5.47030926       1.36176078E-02
  0.738342047       5.78178596       1.36176078E-02
  0.738342047       6.09017754       1.36176078E-02
  0.738342047       6.39426708       1.36176078E-02
  0.738342047       6.69285393       1.36176078E-02
  0.738342047       6.98475933       1.36176078E-02
  0.738342047       7.26883221       1.36176078E-02
  0.738342047       7.54395103       1.36176078E-02
  0.738342047       7.80903006       1.36176078E-02
  0.738342047       8.06302261       1.36176078E-02
  0.738342047       8.30492783       1.36176078E-02
  0.738342047       8.53378868       1.36176078E-02
  0.738342047       8.74870491       1.36176078E-02
  0.738342047       8.94882584       1.36176078E-02
  0.738342047       9.13336182       1.36176078E-02
  0.738342047       9.30158615       1.36176078E-02
  0.738342047       9.45283508       1.36176078E-02
  0.738342047       9.58650970       1.36176078E-02
  0.738342047       9.70208263       1.36176078E-02
  0.738342047       9.79909897       1.36176078E-02
  0.738342047       9.87717628       1.36176078E-02
  0.738342047       9.93600464       1.36176078E-02
  0.738342047       9.97535324       1.36176078E-02
  0.738342047       9.99506664       1.36176078E-02
  0.782919466       4.93317889E-03   1.18339695E-02
  0.782919466       2.46464256E-02   1.18339695E-02
  0.782919466       6.39951229E-02   1.18339695E-02
  0.782919466      0.122823969       1.18339695E-02
  0.782919466      0.200900808       1.18339695E-02
  0.782919466      0.297917485       1.18339695E-02
  0.782919466      0.413491160       1.18339695E-02
  0.782919466      0.547165692       1.18339695E-02
  0.782919466      0.698413491       1.18339695E-02
  0.782919466      0.866637707       1.18339695E-02
  0.782919466       1.05117440       1.18339695E-02
  0.782919466       1.25129533       1.18339695E-02
  0.782919466       1.46621060       1.18339695E-02
  0.782919466       1.69507217       1.18339695E-02
  0.782919466       1.93697691       1.18339695E-02
  0.782919466       2.19096994       1.18339695E-02
  0.782919466       2.45604897       1.18339695E-02
  0.782919466       2.73116755       1.18339695E-02
  0.782919466       3.01524043       1.18339695E-02
  0.782919466       3.30714607       1.18339695E-02
  0.782919466       3.60573292       1.18339695E-02
  0.782919466       3.90982199       1.18339695E-02
  0.782919466       4.21821404       1.18339695E-02
  0.782919466       4.52969074       1.18339695E-02
  0.782919466       4.84302378       1.18339695E-02
  0.782919466       5.15697622       1.18339695E-02
  0.782919466       5.47030926       1.18339695E-02
  0.782919466       5.78178596       1.18339695E-02
  0.782919466       6.09017754       1.18339695E-02
  0.782919466       6.39426708       1.18339695E-02
  0.782919466       6.69285393       1.18339695E-02
  0.782919466       6.98475933       1.18339695E-02
  0.782919466       7.26883221       1.18339695E-02
  0.782919466       7.54395103       1.18339695E-02
  0.782919466       7.80903006       1.18339695E-02
  0.782919466       8.06302261       1.18339695E-02
  0.782919466       8.30492783       1.18339695E-02
  0.782919466       8.53378868       1.18339695E-02
  0.782919466       8.74870491       1.18339695E-02
  0.782919466       8.94882584       1.18339695E-02
  0.782919466       9.13336182       1.18339695E-02
  0.782919466       9.30158615       1.18339695E-02
  0.782919466       9.45283508       1.18339695E-02
  0.782919466       9.58650970       1.18339695E-02
  0.782919466       9.70208263       1.18339695E-02
  0.782919466       9.79909897       1.18339695E-02
  0.782919466       9.87717628       1.18339695E-02
  0.782919466       9.93600464       1.18339695E-02
  0.782919466       9.97535324       1.18339695E-02
  0.782919466       9.99506664       1.18339695E-02
  0.824397087       4.93317889E-03   9.97649599E-03
  0.824397087       2.46464256E-02   9.97649599E-03
  0.824397087       6.39951229E-02   9.97649599E-03
  0.824397087      0.122823969       9.97649599E-03
  0.824397087      0.200900808       9.97649599E-03
  0.824397087      0.297917485       9.97649599E-03
  0.824397087      0.413491160       9.97649599E-03
  0.824397087      0.547165692       9.97649599E-03
  0.824397087      0.698413491       9.97649599E-03
  0.824397087      0.866637707       9.97649599E-03
  0.824397087       1.05117440       9.97649599E-03
  0.824397087       1.25129533       9.97649599E-03
  0.824397087       1.46621060       9.97649599E-03
  0.824397087       1.69507217       9.97649599E-03
  0.824397087       1.93697691       9.97649599E-03
  0.824397087       2.19096994       9.97649599E-03
  0.824397087       2.45604897       9.97649599E-03
  0.824397087       2.73116755       9.97649599E-03
  0.824397087       3.01524043       9.97649599E-03
  0.824397087       3.30714607       9.97649599E-03
  0.824397087       3.60573292       9.97649599E-03
  0.824397087       3.90982199       9.97649599E-03
  0.824397087       4.21821404       9.97649599E-03
  0.824397087       4.52969074       9.97649599E-03
  0.824397087       4.84302378       9.97649599E-03
  0.824397087       5.15697622       9.97649599E-03
  0.824397087       5.47030926       9.97649599E-03
  0.824397087       5.78178596       9.97649599E-03
  0.824397087       6.09017754       9.97649599E-03
  0.824397087       6.39426708       9.97649599E-03
  0.824397087       6.69285393       9.97649599E-03
  0.824397087       6.98475933       9.97649599E-03
  0.824397087       7.26883221       9.97649599E-03
  0.824397087       7.54395103       9.97649599E-03
  0.824397087       7.80903006       9.97649599E-03
  0.824397087       8.06302261       9.97649599E-03
  0.824397087       8.30492783       9.97649599E-03
  0.824397087       8.53378868       9.97649599E-03
  0.824397087       8.74870491       9.97649599E-03
  0.824397087       8.94882584       9.97649599E-03
  0.824397087       9.13336182       9.97649599E-03
  0.824397087       9.30158615       9.97649599E-03
  0.824397087       9.45283508       9.97649599E-03
  0.824397087       9.58650970       9.97649599E-03
  0.824397087       9.70208263       9.97649599E-03
  0.824397087       9.79909897       9.97649599E-03
  0.824397087       9.87717628       9.97649599E-03
  0.824397087       9.93600464       9.97649599E-03
  0.824397087       9.97535324       9.97649599E-03
  0.824397087       9.99506664       9.97649599E-03
  0.862320662       4.93317889E-03   8.11126828E-03
  0.862320662       2.46464256E-02   8.11126828E-03
  0.862320662       6.39951229E-02   8.11126828E-03
  0.862320662      0.122823969       8.11126828E-03
  0.862320662      0.200900808       8.11126828E-03
  0.862320662      0.297917485       8.11126828E-03
  0.862320662      0.413491160       8.11126828E-03
  0.862320662      0.547165692       8.11126828E-03
  0.862320662      0.698413491       8.11126828E-03
  0.862320662      0.866637707       8.11126828E-03
  0.862320662       1.05117440       8.11126828E-03
  0.862320662       1.25129533       8.11126828E-03
  0.862320662       1.46621060       8.11126828E-03
  0.862320662       1.69507217       8.11126828E-03
  0.862320662       1.93697691       8.11126828E-03
  0.862320662       2.19096994       8.11126828E-03
  0.862320662       2.45604897       8.11126828E-03
  0.862320662       2.73116755       8.11126828E-03
  0.862320662       3.01524043       8.11126828E-03
  0.862320662       3.30714607       8.11126828E-03
  0.862320662       3.60573292       8.11126828E-03
  0.862320662       3.90982199       8.11126828E-03
  0.862320662       4.21821404       8.11126828E-03
  0.862320662       4.52969074       8.11126828E-03
  0.862320662       4.84302378       8.11126828E-03
  0.862320662       5.15697622       8.11126828E-03
  0.862320662       5.47030926       8.11126828E-03
  0.862320662       5.78178596       8.11126828E-03
  0.862320662       6.09017754       8.11126828E-03
  0.862320662       6.39426708       8.11126828E-03
  0.862320662       6.69285393       8.11126828E-03
  0.862320662       6.98475933       8.11126828E-03
  0.862320662       7.26883221       8.11126828E-03
  0.862320662       7.54395103       8.11126828E-03
  0.862320662       7.80903006       8.11126828E-03
  0.862320662       8.06302261       8.11126828E-03
  0.862320662       8.30492783       8.11126828E-03
  0.862320662       8.53378868       8.11126828E-03
  0.862320662       8.74870491       8.11126828E-03
  0.862320662       8.94882584       8.11126828E-03
  0.862320662       9.13336182       8.11126828E-03
  0.862320662       9.30158615       8.11126828E-03
  0.862320662       9.45283508       8.11126828E-03
  0.862320662       9.58650970       8.11126828E-03
  0.862320662       9.70208263       8.11126828E-03
  0.862320662       9.79909897       8.11126828E-03
  0.862320662       9.87717628       8.11126828E-03
  0.862320662       9.93600464       8.11126828E-03
  0.862320662       9.97535324       8.11126828E-03
  0.862320662       9.99506664       8.11126828E-03
  0.896274447       4.93317889E-03   6.30601449E-03
  0.896274447       2.46464256E-02   6.30601449E-03
  0.896274447       6.39951229E-02   6.30601449E-03
  0.896274447      0.122823969       6.30601449E-03
  0.896274447      0.200900808       6.30601449E-03
  0.896274447      0.297917485       6.30601449E-03
  0.896274447      0.413491160       6.30601449E-03
  0.896274447      0.547165692       6.30601449E-03
  0.896274447      0.698413491       6.30601449E-03
  0.896274447      0.866637707       6.30601449E-03
  0.896274447       1.05117440       6.30601449E-03
  0.896274447       1.25129533       6.30601449E-03
  0.896274447       1.46621060       6.30601449E-03
  0.896274447       1.69507217       6.30601449E-03
  0.896274447       1.93697691       6.30601449E-03
  0.896274447       2.19096994       6.30601449E-03
  0.896274447       2.45604897       6.30601449E-03
  0.896274447       2.73116755       6.30601449E-03
  0.896274447       3.01524043       6.30601449E-03
  0.896274447       3.30714607       6.30601449E-03
  0.896274447       3.60573292       6.30601449E-03
  0.896274447       3.90982199       6.30601449E-03
  0.896274447       4.21821404       6.30601449E-03
  0.896274447       4.52969074       6.30601449E-03
  0.896274447       4.84302378       6.30601449E-03
  0.896274447       5.15697622       6.30601449E-03
  0.896274447       5.47030926       6.30601449E-03
  0.896274447       5.78178596       6.30601449E-03
  0.896274447       6.09017754       6.30601449E-03
  0.896274447       6.39426708       6.30601449E-03
  0.896274447       6.69285393       6.30601449E-03
  0.896274447       6.98475933       6.30601449E-03
  0.896274447       7.26883221       6.30601449E-03
  0.896274447       7.54395103       6.30601449E-03
  0.896274447       7.80903006       6.30601449E-03
  0.896274447       8.06302261       6.30601449E-03
  0.896274447       8.30492783       6.30601449E-03
  0.896274447       8.53378868       6.30601449E-03
  0.896274447       8.74870491       6.30601449E-03
  0.896274447       8.94882584       6.30601449E-03
  0.896274447       9.13336182       6.30601449E-03
  0.896274447       9.30158615       6.30601449E-03
  0.896274447       9.45283508       6.30601449E-03
  0.896274447       9.58650970       6.30601449E-03
  0.896274447       9.70208263       6.30601449E-03
  0.896274447       9.79909897       6.30601449E-03
  0.896274447       9.87717628       6.30601449E-03
  0.896274447       9.93600464       6.30601449E-03
  0.896274447       9.97535324       6.30601449E-03
  0.896274447       9.99506664       6.30601449E-03
  0.925886631       4.93317889E-03   4.62727342E-03
  0.925886631       2.46464256E-02   4.62727342E-03
  0.925886631       6.39951229E-02   4.62727342E-03
  0.925886631      0.122823969       4.62727342E-03
  0.925886631      0.200900808       4.62727342E-03
  0.925886631      0.297917485       4.62727342E-03
  0.925886631      0.413491160       4.62727342E-03
  0.925886631      0.547165692       4.62727342E-03
  0.925886631      0.698413491       4.62727342E-03
  0.925886631      0.866637707       4.62727342E-03
  0.925886631       1.05117440       4.62727342E-03
  0.925886631       1.25129533       4.62727342E-03
  0.925886631       1.46621060       4.62727342E-03
  0.925886631       1.69507217       4.62727342E-03
  0.925886631       1.93697691       4.62727342E-03
  0.925886631       2.19096994       4.62727342E-03
  0.925886631       2.45604897       4.62727342E-03
  0.925886631       2.73116755       4.62727342E-03
  0.925886631       3.01524043       4.62727342E-03
  0.925886631       3.30714607       4.62727342E-03
  0.925886631       3.60573292       4.62727342E-03
  0.925886631       3.90982199       4.62727342E-03
  0.925886631       4.21821404       4.62727342E-03
  0.925886631       4.52969074       4.62727342E-03
  0.925886631       4.84302378       4.62727342E-03
  0.925886631       5.15697622       4.62727342E-03
  0.925886631       5.47030926       4.62727342E-03
  0.925886631       5.78178596       4.62727342E-03
  0.925886631       6.09017754       4.62727342E-03
  0.925886631       6.39426708       4.62727342E-03
  0.925886631       6.69285393       4.62727342E-03
  0.925886631       6.98475933       4.62727342E-03
  0.925886631       7.26883221       4.62727342E-03
  0.925886631       7.54395103       4.62727342E-03
  0.925886631       7.80903006       4.62727342E-03
  0.925886631       8.06302261       4.62727342E-03
  0.925886631       8.30492783       4.62727342E-03
  0.925886631       8.53378868       4.62727342E-03
  0.925886631       8.74870491       4.62727342E-03
  0.925886631       8.94882584       4.62727342E-03
  0.925886631       9.13336182       4.62727342E-03
  0.925886631       9.30158615       4.62727342E-03
  0.925886631       9.45283508       4.62727342E-03
  0.925886631       9.58650970       4.62727342E-03
  0.925886631       9.70208263       4.62727342E-03
  0.925886631       9.79909897       4.62727342E-03
  0.925886631       9.87717628       4.62727342E-03
  0.925886631       9.93600464       4.62727342E-03
  0.925886631       9.97535324       4.62727342E-03
  0.925886631       9.99506664       4.62727342E-03
  0.950832725       4.93317889E-03   3.13763786E-03
  0.950832725       2.46464256E-02   3.13763786E-03
  0.950832725       6.39951229E-02   3.13763786E-03
  0.950832725      0.122823969       3.13763786E-03
  0.950832725      0.200900808       3.13763786E-03
  0.950832725      0.297917485       3.13763786E-03
  0.950832725      0.413491160       3.13763786E-03
  0.950832725      0.547165692       3.13763786E-03
  0.950832725      0.698413491       3.13763786E-03
  0.950832725      0.866637707       3.13763786E-03
  0.950832725       1.05117440       3.13763786E-03
  0.950832725       1.25129533       3.13763786E-03
  0.950832725       1.46621060       3.13763786E-03
  0.950832725       1.69507217       3.13763786E-03
  0.950832725       1.93697691       3.13763786E-03
  0.950832725       2.19096994       3.13763786E-03
  0.950832725       2.45604897       3.13763786E-03
  0.950832725       2.73116755       3.13763786E-03
  0.950832725       3.01524043       3.13763786E-03
  0.950832725       3.30714607       3.13763786E-03
  0.950832725       3.60573292       3.13763786E-03
  0.950832725       3.90982199       3.13763786E-03
  0.950832725       4.21821404       3.13763786E-03
  0.950832725       4.52969074       3.13763786E-03
  0.950832725       4.84302378       3.13763786E-03
  0.950832725       5.15697622       3.13763786E-03
  0.950832725       5.47030926       3.13763786E-03
  0.950832725       5.78178596       3.13763786E-03
  0.950832725       6.09017754       3.13763786E-03
  0.950832725       6.39426708       3.13763786E-03
  0.950832725       6.69285393       3.13763786E-03
  0.950832725       6.98475933       3.13763786E-03
  0.950832725       7.26883221       3.13763786E-03
  0.950832725       7.54395103       3.13763786E-03
  0.950832725       7.80903006       3.13763786E-03
  0.950832725       8.06302261       3.13763786E-03
  0.950832725       8.30492783       3.13763786E-03
  0.950832725       8.53378868       3.13763786E-03
  0.950832725       8.74870491       3.13763786E-03
  0.950832725       8.94882584       3.13763786E-03
  0.950832725       9.13336182       3.13763786E-03
  0.950832725       9.30158615       3.13763786E-03
  0.950832725       9.45283508       3.13763786E-03
  0.950832725       9.58650970       3.13763786E-03
  0.950832725       9.70208263       3.13763786E-03
  0.950832725       9.79909897       3.13763786E-03
  0.950832725       9.87717628       3.13763786E-03
  0.950832725       9.93600464       3.13763786E-03
  0.950832725       9.97535324       3.13763786E-03
  0.950832725       9.99506664       3.13763786E-03
  0.970839381       4.93317889E-03   1.89313514E-03
  0.970839381       2.46464256E-02   1.89313514E-03
  0.970839381       6.39951229E-02   1.89313514E-03
  0.970839381      0.122823969       1.89313514E-03
  0.970839381      0.200900808       1.89313514E-03
  0.970839381      0.297917485       1.89313514E-03
  0.970839381      0.413491160       1.89313514E-03
  0.970839381      0.547165692       1.89313514E-03
  0.970839381      0.698413491       1.89313514E-03
  0.970839381      0.866637707       1.89313514E-03
  0.970839381       1.05117440       1.89313514E-03
  0.970839381       1.25129533       1.89313514E-03
  0.970839381       1.46621060       1.89313514E-03
  0.970839381       1.69507217       1.89313514E-03
  0.970839381       1.93697691       1.89313514E-03
  0.970839381       2.19096994       1.89313514E-03
  0.970839381       2.45604897       1.89313514E-03
  0.970839381       2.73116755       1.89313514E-03
  0.970839381       3.01524043       1.89313514E-03
  0.970839381       3.30714607       1.89313514E-03
  0.970839381       3.60573292       1.89313514E-03
  0.970839381       3.90982199       1.89313514E-03
  0.970839381       4.21821404       1.89313514E-03
  0.970839381       4.52969074       1.89313514E-03
  0.970839381       4.84302378       1.89313514E-03
  0.970839381       5.15697622       1.89313514E-03
  0.970839381       5.47030926       1.89313514E-03
  0.970839381       5.78178596       1.89313514E-03
  0.970839381       6.09017754       1.89313514E-03
  0.970839381       6.39426708       1.89313514E-03
  0.970839381       6.69285393       1.89313514E-03
  0.970839381       6.98475933       1.89313514E-03
  0.970839381       7.26883221       1.89313514E-03
  0.970839381       7.54395103       1.89313514E-03
  0.970839381       7.80903006       1.89313514E-03
  0.970839381       8.06302261       1.89313514E-03
  0.970839381       8.30492783       1.89313514E-03
  0.970839381       8.53378868       1.89313514E-03
  0.970839381       8.74870491       1.89313514E-03
  0.970839381       8.94882584       1.89313514E-03
  0.970839381       9.13336182       1.89313514E-03
  0.970839381       9.30158615       1.89313514E-03
  0.970839381       9.45283508       1.89313514E-03
  0.970839381       9.58650970       1.89313514E-03
  0.970839381       9.70208263       1.89313514E-03
  0.970839381       9.79909897       1.89313514E-03
  0.970839381       9.87717628       1.89313514E-03
  0.970839381       9.93600464       1.89313514E-03
  0.970839381       9.97535324       1.89313514E-03
  0.970839381       9.99506664       1.89313514E-03
  0.985687435       4.93317889E-03   9.40879516E-04
  0.985687435       2.46464256E-02   9.40879516E-04
  0.985687435       6.39951229E-02   9.40879516E-04
  0.985687435      0.122823969       9.40879516E-04
  0.985687435      0.200900808       9.40879516E-04
  0.985687435      0.297917485       9.40879516E-04
  0.985687435      0.413491160       9.40879516E-04
  0.985687435      0.547165692       9.40879516E-04
  0.985687435      0.698413491       9.40879516E-04
  0.985687435      0.866637707       9.40879516E-04
  0.985687435       1.05117440       9.40879516E-04
  0.985687435       1.25129533       9.40879516E-04
  0.985687435       1.46621060       9.40879516E-04
  0.985687435       1.69507217       9.40879516E-04
  0.985687435       1.93697691       9.40879516E-04
  0.985687435       2.19096994       9.40879516E-04
  0.985687435       2.45604897       9.40879516E-04
  0.985687435       2.73116755       9.40879516E-04
  0.985687435       3.01524043       9.40879516E-04
  0.985687435       3.30714607       9.40879516E-04
  0.985687435       3.60573292       9.40879516E-04
  0.985687435       3.90982199       9.40879516E-04
  0.985687435       4.21821404       9.40879516E-04
  0.985687435       4.52969074       9.40879516E-04
  0.985687435       4.84302378       9.40879516E-04
  0.985687435       5.15697622       9.40879516E-04
  0.985687435       5.47030926       9.40879516E-04
  0.985687435       5.78178596       9.40879516E-04
  0.985687435       6.09017754       9.40879516E-04
  0.985687435       6.39426708       9.40879516E-04
  0.985687435       6.69285393       9.40879516E-04
  0.985687435       6.98475933       9.40879516E-04
  0.985687435       7.26883221       9.40879516E-04
  0.985687435       7.54395103       9.40879516E-04
  0.985687435       7.80903006       9.40879516E-04
  0.985687435       8.06302261       9.40879516E-04
  0.985687435       8.30492783       9.40879516E-04
  0.985687435       8.53378868       9.40879516E-04
  0.985687435       8.74870491       9.40879516E-04
  0.985687435       8.94882584       9.40879516E-04
  0.985687435       9.13336182       9.40879516E-04
  0.985687435       9.30158615       9.40879516E-04
  0.985687435       9.45283508       9.40879516E-04
  0.985687435       9.58650970       9.40879516E-04
  0.985687435       9.70208263       9.40879516E-04
  0.985687435       9.79909897       9.40879516E-04
  0.985687435       9.87717628       9.40879516E-04
  0.985687435       9.93600464       9.40879516E-04
  0.985687435       9.97535324       9.40879516E-04
  0.985687435       9.99506664       9.40879516E-04
  0.995214164       4.93317889E-03   3.17084283E-04
  0.995214164       2.46464256E-02   3.17084283E-04
  0.995214164       6.39951229E-02   3.17084283E-04
  0.995214164      0.122823969       3.17084283E-04
  0.995214164      0.200900808       3.17084283E-04
  0.995214164      0.297917485       3.17084283E-04
  0.995214164      0.413491160       3.17084283E-04
  0.995214164      0.547165692       3.17084283E-04
  0.995214164      0.698413491       3.17084283E-04
  0.995214164      0.866637707       3.17084283E-04
  0.995214164       1.05117440       3.17084283E-04
  0.995214164       1.25129533       3.17084283E-04
  0.995214164       1.46621060       3.17084283E-04
  0.995214164       1.69507217       3.17084283E-04
  0.995214164       1.93697691       3.17084283E-04
  0.995214164       2.19096994       3.17084283E-04
  0.995214164       2.45604897       3.17084283E-04
  0.995214164       2.73116755       3.17084283E-04
  0.995214164       3.01524043       3.17084283E-04
  0.995214164       3.30714607       3.17084283E-04
  0.995214164       3.60573292       3.17084283E-04
  0.995214164       3.90982199       3.17084283E-04
  0.995214164       4.21821404       3.17084283E-04
  0.995214164       4.52969074       3.17084283E-04
  0.995214164       4.84302378       3.17084283E-04
  0.995214164       5.15697622       3.17084283E-04
  0.995214164       5.47030926       3.17084283E-04
  0.995214164       5.78178596       3.17084283E-04
  0.995214164       6.09017754       3.17084283E-04
  0.995214164       6.39426708       3.17084283E-04
  0.995214164       6.69285393       3.17084283E-04
  0.995214164       6.98475933       3.17084283E-04
  0.995214164       7.26883221       3.17084283E-04
  0.995214164       7.54395103       3.17084283E-04
  0.995214164       7.80903006       3.17084283E-04
  0.995214164       8.06302261       3.17084283E-04
  0.995214164       8.30492783       3.17084283E-04
  0.995214164       8.53378868       3.17084283E-04
  0.995214164       8.74870491       3.17084283E-04
  0.995214164       8.94882584       3.17084283E-04
  0.995214164       9.13336182       3.17084283E-04
  0.995214164       9.30158615       3.17084283E-04
  0.995214164       9.45283508       3.17084283E-04
  0.995214164       9.58650970       3.17084283E-04
  0.995214164       9.70208263       3.17084283E-04
  0.995214164       9.79909897       3.17084283E-04
  0.995214164       9.87717628       3.17084283E-04
  0.995214164       9.93600464       3.17084283E-04
  0.995214164       9.97535324       3.17084283E-04
  0.995214164       9.99506664       3.17084283E-04
  0.999315262       4.93317889E-03   4.55446861E-05
  0.999315262       2.46464256E-02   4.55446861E-05
  0.999315262       6.39951229E-02   4.55446861E-05
  0.999315262      0.122823969       4.55446861E-05
  0.999315262      0.200900808       4.55446861E-05
  0.999315262      0.297917485       4.55446861E-05
  0.999315262      0.413491160       4.55446861E-05
  0.999315262      0.547165692       4.55446861E-05
  0.999315262      0.698413491       4.55446861E-05
  0.999315262      0.866637707       4.55446861E-05
  0.999315262       1.05117440       4.55446861E-05
  0.999315262       1.25129533       4.55446861E-05
  0.999315262       1.46621060       4.55446861E-05
  0.999315262       1.69507217       4.55446861E-05
  0.999315262       1.93697691       4.55446861E-05
  0.999315262       2.19096994       4.55446861E-05
  0.999315262       2.45604897       4.55446861E-05
  0.999315262       2.73116755       4.55446861E-05
  0.999315262       3.01524043       4.55446861E-05
  0.999315262       3.30714607       4.55446861E-05
  0.999315262       3.60573292       4.55446861E-05
  0.999315262       3.90982199       4.55446861E-05
  0.999315262       4.21821404       4.55446861E-05
  0.999315262       4.52969074       4.55446861E-05
  0.999315262       4.84302378       4.55446861E-05
  0.999315262       5.15697622       4.55446861E-05
  0.999315262       5.47030926       4.55446861E-05
  0.999315262       5.78178596       4.55446861E-05
  0.999315262       6.09017754       4.55446861E-05
  0.999315262       6.39426708       4.55446861E-05
  0.999315262       6.69285393       4.55446861E-05
  0.999315262       6.98475933       4.55446861E-05
  0.999315262       7.26883221       4.55446861E-05
  0.999315262       7.54395103       4.55446861E-05
  0.999315262       7.80903006       4.55446861E-05
  0.999315262       8.06302261       4.55446861E-05
  0.999315262       8.30492783       4.55446861E-05
  0.999315262       8.53378868       4.55446861E-05
  0.999315262       8.74870491       4.55446861E-05
  0.999315262       8.94882584       4.55446861E-05
  0.999315262       9.13336182       4.55446861E-05
  0.999315262       9.30158615       4.55446861E-05
  0.999315262       9.45283508       4.55446861E-05
  0.999315262       9.58650970       4.55446861E-05
  0.999315262       9.70208263       4.55446861E-05
  0.999315262       9.79909897       4.55446861E-05
  0.999315262       9.87717628       4.55446861E-05
  0.999315262       9.93600464       4.55446861E-05
  0.999315262       9.97535324       4.55446861E-05
  0.999315262       9.99506664       4.55446861E-05
